0.000000 0.000000000 0.000000000 0.000000000 -0.000000000 -0.000000000 -0.000000000 1.000000000
0.066667 0.000358583 0.003442581 -0.001152816 0.008029738 -0.001686446 -0.001629015 0.999965012
0.133333 0.000282124 0.006783994 -0.003672877 0.018662361 -0.001713719 -0.000714691 0.999824107
0.200000 0.000725462 0.008483748 -0.004985895 0.023877935 -0.003601187 -0.000796545 0.999708116
0.266667 0.001620017 0.009072201 -0.005882972 0.026042769 -0.007623081 -0.000598871 0.999631584
0.333333 0.002101457 0.012434403 -0.007563840 0.037586693 -0.009823445 -0.002928122 0.999240816
0.400000 0.002128835 0.013329959 -0.007847246 0.042649329 -0.009797968 -0.000910932 0.999041677
0.466667 0.001934366 0.016028777 -0.008738991 0.052085679 -0.008781997 -0.000951783 0.998603582
0.533333 0.001245271 0.019811170 -0.008679309 0.068438388 -0.005269342 -0.000562220 0.997641265
0.600000 0.001323590 0.021918731 -0.009399647 0.076538771 -0.005227076 -0.001432151 0.997051895
0.666667 0.002032252 0.024895964 -0.010161966 0.088162333 -0.007969780 -0.002493056 0.996071100
0.733333 0.002432554 0.030499121 -0.011738719 0.109591268 -0.009022362 -0.004026372 0.993927658
0.800000 0.003872035 0.036091890 -0.013754146 0.129553378 -0.012953956 -0.005388094 0.991473198
0.866667 0.004490406 0.043685440 -0.015575617 0.156044871 -0.011672762 -0.006866208 0.987657130
0.933333 0.004347567 0.049632430 -0.016583178 0.177415788 -0.010071977 -0.005740051 0.984067678
1.000000 0.005499876 0.050396085 -0.017148972 0.179333076 -0.014910826 -0.006776033 0.983652055
1.066667 0.006698761 0.050757449 -0.017698089 0.179715067 -0.019881934 -0.007312870 0.983490646
1.133333 0.007084816 0.052564159 -0.018483151 0.183439761 -0.020815762 -0.008526645 0.982773542
1.200000 0.007388444 0.054281417 -0.020299423 0.185677052 -0.022608723 -0.006887847 0.982326567
1.266667 0.007160784 0.056072380 -0.021335892 0.192611009 -0.021740023 -0.006498570 0.981012881
1.333333 0.006035133 0.060762379 -0.022608833 0.208507925 -0.018706813 0.001565593 0.977840543
1.400000 0.006623658 0.062931433 -0.021458408 0.219938189 -0.018648285 -0.001572329 0.975334287
1.466667 0.006119202 0.064447857 -0.021702629 0.224433675 -0.016801000 -0.001936919 0.974342644
1.533333 0.005897146 0.067844257 -0.022889988 0.234685048 -0.016957955 -0.002479590 0.971920371
1.600000 0.005183645 0.071615048 -0.024359452 0.244757652 -0.014887887 -0.000565140 0.969469845
1.666667 0.004738243 0.073531061 -0.025832780 0.249837309 -0.013380963 0.000750070 0.968195081
1.733333 0.004729694 0.076558806 -0.027553078 0.258895099 -0.013295162 0.003087164 0.965808988
1.800000 0.003917236 0.079611644 -0.027894266 0.267775565 -0.009032928 0.003624223 0.963432133
1.866667 0.001652373 0.083175614 -0.029624242 0.277082682 -0.001931825 0.006891307 0.960819423
1.933333 0.000525733 0.086528905 -0.031679146 0.284553528 0.002180481 0.010016795 0.958605349
2.000000 0.000306974 0.090316214 -0.032162260 0.295664161 0.002571214 0.008996828 0.955246150
2.066667 0.000333412 0.092893086 -0.032689296 0.302052319 0.001481457 0.009047441 0.953247249
2.133333 -0.000700577 0.096155703 -0.033262238 0.313589185 0.005247830 0.011905015 0.949469626
2.200000 -0.001492055 0.097089998 -0.034710854 0.314823776 0.007250187 0.013874188 0.949021041
2.266667 -0.001474167 0.097777255 -0.035250638 0.316125274 0.006315598 0.014200993 0.948590159
2.333333 -0.001469936 0.098068222 -0.035531227 0.316713661 0.005761414 0.015255656 0.948381007
2.400000 -0.001314253 0.098422654 -0.035722859 0.317398667 0.004983837 0.014631388 0.948166192
2.466667 -0.002060354 0.099319585 -0.036570042 0.319689751 0.006752577 0.017083332 0.947344184
2.533333 -0.003597020 0.102565266 -0.036904249 0.331074089 0.012884687 0.016327741 0.943375528
2.600000 -0.005379845 0.104021579 -0.038974144 0.336141914 0.018592140 0.019229459 0.941431522
2.666667 -0.006172904 0.105045512 -0.040675327 0.336726695 0.021111289 0.019843001 0.941156626
2.733333 -0.007880859 0.107277900 -0.042760663 0.340774208 0.027434105 0.020534886 0.939520478
2.800000 -0.009381608 0.107942857 -0.044906229 0.339964926 0.031964585 0.020876396 0.939662874
2.866667 -0.010053958 0.110032387 -0.046369676 0.345499516 0.034152001 0.020951509 0.937563181
2.933333 -0.011071762 0.111482412 -0.047875479 0.347938657 0.036578443 0.022958212 0.936522126
3.000000 -0.010653975 0.111963868 -0.048332363 0.348442167 0.034288682 0.023202403 0.936415553
3.066667 -0.010527079 0.112637386 -0.048733816 0.350041091 0.033964641 0.022673236 0.935843825
3.133333 -0.010710879 0.113412529 -0.050065860 0.349085897 0.033871088 0.023296474 0.936188579
3.200000 -0.011139795 0.113818794 -0.051620774 0.346700758 0.033765104 0.025893334 0.937010229
3.266667 -0.010833657 0.113944724 -0.052225202 0.346242368 0.032511380 0.026408484 0.937209606
3.333333 -0.010948369 0.113953590 -0.052586809 0.345486760 0.032679562 0.026183885 0.937488914
3.400000 -0.010812601 0.114003286 -0.052351635 0.345765591 0.032375738 0.026134403 0.937398016
3.466667 -0.011000043 0.113914311 -0.052272916 0.345552802 0.032942917 0.025945675 0.937461913
3.533333 -0.011033462 0.113986790 -0.052287750 0.345382452 0.033438802 0.025992803 0.937505841
3.600000 -0.011256156 0.114074618 -0.052447997 0.344737977 0.033727001 0.026328122 0.937723398
3.666667 -0.010294671 0.115369186 -0.052068114 0.339968055 0.030155722 0.024855731 0.939624667
3.733333 -0.010114238 0.115814082 -0.052108683 0.339964867 0.029359519 0.025088789 0.939644873
3.800000 -0.010036442 0.115931697 -0.052099634 0.339913368 0.028992636 0.025067478 0.939675450
3.866667 -0.010195428 0.116148636 -0.052265134 0.339697182 0.029862449 0.024533503 0.939740479
3.933333 -0.010033518 0.115997031 -0.053173169 0.337030500 0.028207639 0.025479775 0.940726101
4.000000 -0.010747248 0.117146157 -0.054938056 0.336207151 0.029539356 0.027115313 0.940934122
4.066667 -0.011284165 0.117880531 -0.055143218 0.336886078 0.031486545 0.027722567 0.940610349
4.133333 -0.010778172 0.119026043 -0.056281932 0.336320013 0.028470106 0.027012650 0.940929651
4.200000 -0.011935476 0.120846286 -0.058480505 0.335358620 0.029621854 0.027753318 0.941215694
4.266667 -0.013712463 0.124689408 -0.061927479 0.339767694 0.033097725 0.027734233 0.939517558
4.333333 -0.014412577 0.126271591 -0.068852954 0.336919308 0.034450483 0.031334445 0.940381169
4.400000 -0.017382894 0.128955349 -0.074485198 0.341607600 0.043795824 0.036930483 0.938095093
4.466667 -0.018959032 0.131577224 -0.075355470 0.348755300 0.048893470 0.038119081 0.935161054
4.533333 -0.019425785 0.132915556 -0.076135978 0.351163536 0.049638014 0.038724769 0.934195220
4.600000 -0.019407852 0.132761076 -0.076553822 0.349809706 0.049300596 0.039130524 0.934703946
4.666667 -0.019417690 0.132882729 -0.076456934 0.349934518 0.049526691 0.038873840 0.934655964
4.733333 -0.019432530 0.132982120 -0.076901637 0.349058926 0.048808713 0.039930329 0.934976578
4.800000 -0.019337986 0.133326247 -0.077453792 0.348656058 0.048089504 0.040082335 0.935157657
4.866667 -0.020485096 0.134839773 -0.078827672 0.352455884 0.050559908 0.041488528 0.933540165
4.933333 -0.022326127 0.135905087 -0.081086017 0.353645831 0.055044290 0.041634273 0.932829738
5.000000 -0.023052007 0.136524275 -0.083423078 0.351831049 0.056245048 0.041879926 0.933433175
5.066667 -0.023099493 0.138495892 -0.084704570 0.355991125 0.055032663 0.041590631 0.931939900
5.133333 -0.024179453 0.138897926 -0.088154390 0.352831781 0.056141835 0.042372037 0.933039367
5.200000 -0.024888763 0.140045404 -0.089509860 0.353764743 0.057764240 0.040780678 0.932657897
5.266667 -0.025212284 0.141540453 -0.090568274 0.356437743 0.055722512 0.040698033 0.931767583
5.333333 -0.026277684 0.142805308 -0.093365595 0.355070144 0.055055708 0.039816517 0.932367265
5.400000 -0.028414300 0.144027025 -0.094320565 0.356736034 0.059606921 0.038006093 0.931526661
5.466667 -0.029282650 0.145259351 -0.096889302 0.355119318 0.058122043 0.034793962 0.932363391
5.533333 -0.030350374 0.145760715 -0.101288639 0.349742651 0.056352470 0.029824689 0.934673727
5.600000 -0.030489657 0.146737263 -0.104733668 0.346868247 0.051052462 0.028298540 0.936095774
5.666667 -0.030458976 0.148484558 -0.107085474 0.348805666 0.047161531 0.024024380 0.935699344
5.733333 -0.030511731 0.149247661 -0.111063108 0.344742030 0.041617986 0.018541297 0.937591136
5.800000 -0.030177644 0.151071042 -0.113281794 0.347443789 0.036948930 0.017199906 0.936814666
5.866667 -0.030076604 0.151528984 -0.113110051 0.349212497 0.036840271 0.016357252 0.936176240
5.933333 -0.029541148 0.151056677 -0.112707749 0.349512845 0.038781960 0.014531185 0.936015785
6.000000 -0.028990531 0.150722519 -0.111748435 0.354347169 0.044876944 0.014448087 0.933924794
6.066667 -0.029130125 0.150902838 -0.111245774 0.357438594 0.050616618 0.013019337 0.932473123
6.133333 -0.029261410 0.150999159 -0.111197226 0.358043551 0.050720148 0.013532748 0.932228088
6.200000 -0.029130423 0.150941879 -0.111287192 0.357783109 0.050346784 0.013650578 0.932346582
6.266667 -0.029224273 0.151189268 -0.111020714 0.358950824 0.051117145 0.012946401 0.931865752
6.333333 -0.028853025 0.151250258 -0.111170307 0.358797371 0.050045121 0.012428495 0.931990027
6.400000 -0.029079992 0.151107162 -0.111430347 0.357987285 0.050018519 0.013362044 0.932290018
6.466667 -0.029078599 0.151139766 -0.111478753 0.358038276 0.049563028 0.013437883 0.932293713
6.533333 -0.029084297 0.151206955 -0.111307964 0.358730227 0.050020535 0.013732020 0.931998968
6.600000 -0.029136209 0.151166320 -0.111407988 0.358504802 0.050343681 0.013747472 0.932068050
6.666667 -0.028991953 0.151262388 -0.111512780 0.358889252 0.049641810 0.014601497 0.931944728
6.733333 -0.028949821 0.151227117 -0.113376319 0.359956712 0.050716568 0.016281458 0.931447208
6.800000 -0.029200312 0.152364284 -0.114150509 0.366202682 0.051673926 0.016503636 0.928952694
6.866667 -0.029622352 0.153306141 -0.115002394 0.371126682 0.052403461 0.016034916 0.926963747
6.933333 -0.030104404 0.154545248 -0.115944847 0.376029432 0.054225985 0.015171302 0.924895227
7.000000 -0.031497754 0.155752122 -0.117439836 0.381814420 0.059875458 0.014132586 0.922189236
7.066667 -0.033754893 0.157058001 -0.118474826 0.386784673 0.068516627 0.012444884 0.919537008
7.133333 -0.034410201 0.158772185 -0.119409859 0.393802643 0.071262874 0.008717320 0.916386962
7.200000 -0.036310442 0.162105069 -0.120919123 0.403509438 0.075406253 0.007588877 0.911831379
7.266667 -0.037167475 0.163433120 -0.122782074 0.405778468 0.075897075 0.006654354 0.910790443
7.333333 -0.036957059 0.164893389 -0.123420119 0.409882456 0.072642602 0.006186444 0.909220099
7.400000 -0.036658317 0.164826527 -0.124172196 0.408787847 0.070419498 0.007234757 0.909879804
7.466667 -0.036386952 0.165206224 -0.124598853 0.409310132 0.067765512 0.007591931 0.909843624
7.533333 -0.036012486 0.165789545 -0.126267612 0.408042103 0.064169265 0.007385928 0.910675287
7.600000 -0.035671774 0.166502327 -0.126966059 0.408205986 0.060823068 0.007121495 0.910833538
7.666667 -0.036563471 0.167291954 -0.129579246 0.404355675 0.058910690 0.004567363 0.912691176
7.733333 -0.037212975 0.167590052 -0.131990507 0.399656355 0.057876524 0.002599547 0.914832413
7.800000 -0.037337609 0.168738216 -0.134324580 0.397861689 0.054421727 -0.000406765 0.915829837
7.866667 -0.036520828 0.168564290 -0.137079611 0.391186416 0.047761861 0.000103116 0.919071257
7.933333 -0.035576470 0.171676382 -0.143401712 0.379025936 0.036200769 0.008618764 0.924637556
8.000000 -0.033960529 0.177618384 -0.149258792 0.368035942 0.023371836 0.019598054 0.929311216
8.066667 -0.031199075 0.177814722 -0.153609410 0.355739921 0.011617437 0.020526482 0.934287310
8.133333 -0.030349197 0.178316370 -0.155575231 0.351735175 0.007821846 0.020358542 0.935845494
8.200000 -0.030418880 0.178789675 -0.155667007 0.352627933 0.007377256 0.020844102 0.935502350
8.266667 -0.030624334 0.178616270 -0.155817032 0.350778699 0.008915288 0.019598516 0.936210871
8.333333 -0.030418597 0.178594232 -0.155744880 0.350292325 0.008004047 0.019594785 0.936401248
8.400000 -0.030512519 0.178443715 -0.155832663 0.349440366 0.008160166 0.019804828 0.936713755
8.466667 -0.030544726 0.178928122 -0.156009600 0.349338889 0.008202172 0.018829739 0.936771333
8.533333 -0.030249797 0.178906411 -0.157226920 0.345205963 0.006593741 0.018371558 0.938324034
8.600000 -0.029974112 0.178812534 -0.158516645 0.341132075 0.004845517 0.017954893 0.939831436
8.666667 -0.029587369 0.179092288 -0.159756452 0.338708490 0.002332432 0.017944317 0.940717399
8.733333 -0.028319594 0.178498596 -0.161982715 0.330920219 -0.004179945 0.019147493 0.943455219
8.800000 -0.026552161 0.176384836 -0.166099787 0.312748104 -0.012545336 0.023419496 0.949464500
8.866667 -0.024612021 0.172737777 -0.171345964 0.293538511 -0.019027231 0.026101574 0.955401361
8.933333 -0.023973651 0.167364374 -0.174844712 0.280373305 -0.019192472 0.029783320 0.959236920
9.000000 -0.024890937 0.164559230 -0.176952422 0.280924499 -0.013127655 0.030950701 0.959140897
9.066667 -0.026325040 0.161143765 -0.179825053 0.276646137 -0.003319296 0.032831933 0.960405111
9.133333 -0.028269624 0.159924492 -0.184747130 0.271480352 0.006967301 0.028135791 0.962007403
9.200000 -0.028914871 0.159875274 -0.189110383 0.266192019 0.010580630 0.024226915 0.963557482
9.266667 -0.029106546 0.159954116 -0.189239770 0.266450405 0.011434238 0.023808980 0.963486731
9.333333 -0.028865537 0.159973130 -0.189302012 0.266781420 0.010625054 0.023563804 0.963410378
9.400000 -0.028756689 0.160225242 -0.189364150 0.268736124 0.010303154 0.023265736 0.962877691
9.466667 -0.028798424 0.160444200 -0.189407617 0.269805044 0.010213684 0.023557201 0.962572575
9.533333 -0.028769260 0.160352394 -0.189546317 0.269786239 0.009904142 0.024201296 0.962565124
9.600000 -0.028697703 0.160583824 -0.189725474 0.271157444 0.009592947 0.024788253 0.962167919
9.666667 -0.027415106 0.161058307 -0.191113025 0.271021187 0.003932555 0.026461689 0.962201595
9.733333 -0.026365519 0.161636382 -0.195775673 0.265974879 -0.001114742 0.030416925 0.963499367
9.800000 -0.025375200 0.161738932 -0.199694887 0.260573924 -0.005719258 0.035996649 0.964765668
9.866667 -0.025988122 0.159627423 -0.200175703 0.261609912 -0.003823636 0.040449698 0.964318156
9.933333 -0.024195600 0.155300185 -0.203459889 0.250172108 -0.008521002 0.046307296 0.967055798
10.000000 -0.023408219 0.155497313 -0.209503770 0.243563220 -0.011052538 0.062945053 0.967777252
10.066667 -0.021344496 0.155468374 -0.214415848 0.236282036 -0.017884159 0.063817821 0.969421625
10.133333 -0.018818334 0.155397370 -0.216971874 0.234487638 -0.027222397 0.066636756 0.969450414
10.200000 -0.018635556 0.155248180 -0.217389926 0.234498173 -0.028012874 0.067226484 0.969384611
10.266667 -0.018283442 0.155347779 -0.217797577 0.234801427 -0.028965143 0.066988967 0.969299614
10.333333 -0.017809201 0.155579999 -0.218226865 0.235035524 -0.030818723 0.066866793 0.969194174
10.400000 -0.015659677 0.156276837 -0.221839115 0.231006473 -0.037778180 0.067763485 0.969854116
10.466667 -0.014272598 0.156581908 -0.226892725 0.221333236 -0.042012557 0.067346215 0.971962452
10.533333 -0.012461711 0.155811504 -0.233414292 0.207218349 -0.045959827 0.068115689 0.974837720
10.600000 -0.012453271 0.152627960 -0.236097947 0.195333108 -0.043867771 0.067794278 0.977407038
10.666667 -0.012245275 0.147402391 -0.232506648 0.191751301 -0.042937547 0.065894015 0.978287160
10.733333 -0.013560114 0.143962264 -0.230748266 0.193523511 -0.036313873 0.070889339 0.977857172
10.800000 -0.013550907 0.144985437 -0.227138862 0.211143911 -0.034113806 0.072851233 0.974139214
10.866667 -0.012099618 0.146522984 -0.227586463 0.221946150 -0.039434653 0.080348834 0.970942259
10.933333 -0.011527841 0.148499489 -0.229656264 0.228767633 -0.040999804 0.082269989 0.969131649
11.000000 -0.010429703 0.149752364 -0.233114094 0.227999628 -0.043953393 0.086292274 0.968833268
11.066667 -0.008576399 0.150784060 -0.237397611 0.223169386 -0.048457403 0.088647895 0.969530225
11.133333 -0.007183104 0.151210472 -0.239043072 0.221833795 -0.052839417 0.090112947 0.969472766
11.200000 -0.006286476 0.149995029 -0.241844893 0.217112541 -0.054260317 0.092460513 0.970241785
11.266667 -0.005274813 0.149444222 -0.245074540 0.215462223 -0.055730969 0.095071241 0.970273972
11.333333 -0.004607735 0.149962753 -0.248410821 0.216023371 -0.056784924 0.094723448 0.970122099
11.400000 -0.003927722 0.149971724 -0.250421047 0.215371996 -0.058077279 0.095551029 0.970109224
11.466667 -0.001990583 0.150174037 -0.253688991 0.214257836 -0.062511288 0.097058326 0.969930708
11.533333 -0.000656713 0.150995433 -0.256584406 0.215636343 -0.065953784 0.100040428 0.969093919
11.600000 0.000846420 0.150505781 -0.260555863 0.211739197 -0.067687489 0.100160941 0.969820976
11.666667 0.000842595 0.151644394 -0.262076020 0.214646950 -0.066881165 0.099621654 0.969293118
11.733333 0.000989597 0.152324110 -0.267681122 0.211399034 -0.064798489 0.100198276 0.970088661
11.800000 0.000517940 0.152895749 -0.273057789 0.207705110 -0.060572702 0.099425450 0.971238434
11.866667 0.001121298 0.153163344 -0.277207941 0.202408895 -0.061071917 0.100206874 0.972244561
11.933333 0.002648649 0.152346447 -0.281645983 0.193285972 -0.064230457 0.101397961 0.973772824
12.000000 0.003579731 0.151565358 -0.284188449 0.191686556 -0.066068463 0.103935346 0.973698497
12.066667 0.005473590 0.152239829 -0.286397666 0.195548773 -0.071513131 0.108744979 0.972019076
12.133333 0.007132056 0.153167710 -0.288324505 0.197171271 -0.076961458 0.111625239 0.970948100
12.200000 0.008547852 0.152985811 -0.292126954 0.191458017 -0.079124168 0.114010282 0.971640348
12.266667 0.008188559 0.152859718 -0.295370728 0.188886583 -0.075501621 0.114229813 0.972405732
12.333333 0.008094455 0.152381554 -0.295632333 0.187541619 -0.074135564 0.114649728 0.972721696
12.400000 0.008270032 0.152340636 -0.297459841 0.188031465 -0.071745381 0.113501951 0.972940981
12.466667 0.008769660 0.151359171 -0.299907744 0.182991430 -0.071625054 0.112704702 0.974002898
12.533333 0.010382261 0.149115518 -0.304644853 0.168809459 -0.072946198 0.111669362 0.976581872
12.600000 0.012342840 0.147673607 -0.308304518 0.163549349 -0.075742967 0.115771405 0.976786375
12.666667 0.013642280 0.148138791 -0.309737027 0.167550623 -0.079049923 0.117207482 0.975674272
12.733333 0.015361358 0.147123531 -0.312936723 0.163241506 -0.081609175 0.119220316 0.975950181
12.800000 0.015932346 0.147094116 -0.314399481 0.164150640 -0.081386700 0.120805882 0.975621223
12.866667 0.016754337 0.147194251 -0.314643264 0.166901812 -0.083150968 0.125173569 0.974454403
12.933333 0.017437622 0.146848261 -0.315732479 0.168209627 -0.083028615 0.127134457 0.973985970
13.000000 0.019500896 0.144594446 -0.318812490 0.156295255 -0.085338295 0.130503297 0.975324631
13.066667 0.019777097 0.141921118 -0.323109895 0.139610887 -0.079963505 0.133390293 0.977917016
13.133333 0.019693837 0.139756918 -0.326124161 0.129193544 -0.074762747 0.132778168 0.979841590
13.200000 0.019539017 0.139504522 -0.330339968 0.122382402 -0.070663154 0.129957408 0.981397152
13.266667 0.019248351 0.139395952 -0.332319766 0.119521871 -0.068245798 0.130759358 0.981814146
13.333333 0.019514589 0.137876004 -0.335356265 0.110126540 -0.065532818 0.130306125 0.983157158
13.400000 0.019648828 0.137186155 -0.337239236 0.103797421 -0.064707987 0.131303251 0.983767509
13.466667 0.019964322 0.136073291 -0.338491917 0.097538926 -0.065942943 0.127509311 0.984824419
13.533333 0.020071931 0.135685533 -0.339168906 0.095196359 -0.067009352 0.126511663 0.985110223
13.600000 0.020089544 0.135317042 -0.339524031 0.093147010 -0.067391932 0.126272932 0.985310674
13.666667 0.020134106 0.135362729 -0.339498878 0.092949599 -0.067691199 0.126951531 0.985221624
13.733333 0.020155583 0.135288969 -0.339242190 0.092644982 -0.067643553 0.127208948 0.985220373
13.800000 0.020072579 0.135533839 -0.339232534 0.093325347 -0.067519419 0.127141923 0.985173345
13.866667 0.020141162 0.135327920 -0.339256316 0.092552230 -0.067417495 0.128006309 0.985141337
13.933333 0.020090286 0.135556847 -0.338927060 0.093249761 -0.067657746 0.128582239 0.984984040
14.000000 0.020067517 0.135573298 -0.339133978 0.093178339 -0.067420714 0.128383681 0.985032976
14.066667 0.020190950 0.135556936 -0.339025140 0.093155034 -0.067901723 0.127991185 0.985053182
14.133333 0.020057047 0.135611147 -0.339124769 0.093423419 -0.067710377 0.127623230 0.985088706
14.200000 0.020208858 0.135638967 -0.339127332 0.093607463 -0.067868590 0.127715185 0.985048413
14.266667 0.020157605 0.135528520 -0.339066118 0.093211450 -0.067595683 0.128492698 0.985003591
14.333333 0.020134917 0.135644838 -0.338984162 0.093764588 -0.067555577 0.128522471 0.984950006
14.400000 0.020112980 0.135479525 -0.338856369 0.093389653 -0.067564711 0.128713071 0.984960079
14.466667 0.020206239 0.135417148 -0.338891447 0.093192175 -0.067725740 0.129145831 0.984911084
14.533333 0.020078706 0.135621652 -0.338979930 0.093694739 -0.067453869 0.128989175 0.984902561
14.600000 0.020195574 0.135464624 -0.339192152 0.093034886 -0.067525506 0.129036725 0.984954000
14.666667 0.020367511 0.135442391 -0.339230329 0.092889450 -0.068081036 0.129219711 0.984905481
14.733333 0.020424772 0.135489523 -0.339328796 0.092685729 -0.068267599 0.129185095 0.984916329
14.800000 0.020690802 0.135792524 -0.339963317 0.092411242 -0.069875829 0.128607750 0.984904885
14.866667 0.020561870 0.134965852 -0.343556166 0.081273958 -0.068168357 0.128353834 0.986039042
14.933333 0.020393115 0.134843737 -0.345773935 0.075239636 -0.066238195 0.128534973 0.986625731
15.000000 0.020775096 0.133722767 -0.348071605 0.063428245 -0.066034719 0.125653416 0.987839818
15.066667 0.020541837 0.133499593 -0.349408805 0.051735085 -0.063364685 0.123838402 0.988924921
15.133333 0.019359224 0.134043232 -0.352824360 0.042845871 -0.055232603 0.120854877 0.990205944
15.200000 0.018432334 0.132866293 -0.356127828 0.033966061 -0.049009062 0.118713520 0.991136491
15.266667 0.017943809 0.131645739 -0.358235568 0.026390279 -0.044804469 0.117791340 0.991676033
15.333333 0.017450273 0.130984589 -0.359435618 0.021940250 -0.041850839 0.117069662 0.991998911
15.400000 0.015250612 0.135458574 -0.361834854 0.023526544 -0.035178192 0.120384596 0.991824865
15.466667 0.013843415 0.137142330 -0.364478201 0.017315842 -0.029013354 0.121842451 0.991974175
15.533333 0.013814112 0.135537967 -0.367434114 0.004778392 -0.026043288 0.121939778 0.992184281
15.600000 0.012793330 0.135659218 -0.369674712 -0.004094151 -0.021374792 0.120300524 0.992498994
15.666667 0.012220668 0.135278285 -0.369995296 -0.007022259 -0.018760892 0.118966326 0.992696226
15.733333 0.012653972 0.135592669 -0.372194588 -0.012200380 -0.018810982 0.119823284 0.992542028
15.800000 0.012447564 0.138640434 -0.372686654 -0.009833567 -0.017930783 0.121131450 0.992425799
15.866667 0.011940409 0.140352458 -0.373905450 -0.013103762 -0.016396543 0.120438464 0.992498934
15.933333 0.011580825 0.141569838 -0.376617372 -0.017211957 -0.014988259 0.119996175 0.992511988
16.000000 0.011245531 0.140506402 -0.379404426 -0.025326883 -0.013387335 0.120263666 0.992328584
16.066667 0.011693598 0.138250187 -0.382560402 -0.037502382 -0.013563188 0.121615380 0.991775870
16.133333 0.011696324 0.137857050 -0.382960886 -0.039180949 -0.013888814 0.121447608 0.991727054
16.200000 0.012224392 0.139633477 -0.385041267 -0.038608585 -0.017412158 0.121699028 0.991663039
16.266667 0.012866387 0.140070021 -0.387082160 -0.043883979 -0.018703451 0.122474447 0.991324544
16.333333 0.014292766 0.140636653 -0.387132645 -0.043099031 -0.020045225 0.122334413 0.991350114
16.400000 0.014058566 0.140323833 -0.386853009 -0.046880182 -0.020422738 0.124467500 0.990905166
16.466667 0.014144819 0.140354797 -0.386805415 -0.047553539 -0.020895148 0.124855705 0.990814388
16.533333 0.014241690 0.140469268 -0.386874199 -0.047271524 -0.021087414 0.124900013 0.990818262
16.600000 0.014118738 0.140466213 -0.386922598 -0.047394000 -0.021028688 0.124581650 0.990853667
16.666667 0.013935718 0.140828639 -0.387100339 -0.047305509 -0.020211747 0.125914425 0.990706444
16.733333 0.014496570 0.140268192 -0.388021260 -0.053244311 -0.022610079 0.125309870 0.990429819
16.800000 0.014047949 0.142088979 -0.389338106 -0.060228262 -0.020393549 0.128492892 0.989669800
16.866667 0.012621321 0.144117102 -0.392221183 -0.067563549 -0.014717753 0.132072940 0.988825202
16.933333 0.012268798 0.143323317 -0.396562099 -0.080585681 -0.010885939 0.135913089 0.987377882
17.000000 0.011407310 0.148447216 -0.395896822 -0.086159930 -0.009506618 0.137098789 0.986757338
17.066667 0.012554738 0.149024367 -0.398973823 -0.097430445 -0.011800260 0.136410221 0.985779047
17.133333 0.013471646 0.151459590 -0.402252793 -0.104468592 -0.016106285 0.140616700 0.984405339
17.200000 0.014168185 0.150139138 -0.405471325 -0.118846864 -0.019363256 0.142611861 0.982426763
17.266667 0.014595502 0.148422062 -0.405507416 -0.126277447 -0.020447874 0.141637459 0.981618404
17.333333 0.015798708 0.149486184 -0.408038467 -0.127055794 -0.025558909 0.139042631 0.981769204
17.400000 0.015902828 0.148744792 -0.409584790 -0.131775379 -0.025931746 0.139299691 0.981100619
17.466667 0.015901605 0.148292497 -0.409268081 -0.133671045 -0.028075097 0.136332259 0.981202006
17.533333 0.015937179 0.147973806 -0.409471303 -0.134193465 -0.028989045 0.135341942 0.981241226
17.600000 0.015667958 0.147671595 -0.409706533 -0.134005904 -0.028870950 0.135171264 0.981293857
17.666667 0.015349964 0.147419214 -0.410088718 -0.134009272 -0.029098503 0.133895040 0.981461644
17.733333 0.015371587 0.147235662 -0.409939378 -0.134694293 -0.030038545 0.132360801 0.981547654
17.800000 0.015329601 0.147021696 -0.409849912 -0.135534346 -0.030166185 0.132305145 0.981435597
17.866667 0.015343564 0.147051424 -0.409896761 -0.135260299 -0.030092482 0.132425204 0.981459498
17.933333 0.015306024 0.146999106 -0.409758717 -0.135358348 -0.030417578 0.132251695 0.981459320
18.000000 0.015222572 0.146705270 -0.409744471 -0.136111170 -0.030723039 0.131747931 0.981413424
18.066667 0.015769217 0.146396369 -0.410000324 -0.135696515 -0.030352158 0.132805765 0.981339812
18.133333 0.016722428 0.144318044 -0.413621128 -0.129926473 -0.026044710 0.133161008 0.982195973
18.200000 0.022072438 0.136550069 -0.423991323 -0.122815154 -0.025303476 0.123844184 0.984346867
18.266667 0.020242434 0.132804886 -0.437489808 -0.100397043 -0.011314881 0.121909514 0.987385690
18.333333 0.020559985 0.134704009 -0.445518881 -0.068626307 -0.007808029 0.122074246 0.990114808
18.400000 0.020186100 0.136845320 -0.446573347 -0.052421913 -0.005760503 0.123293333 0.990967989
18.466667 0.020349992 0.137581497 -0.446758598 -0.048796635 -0.004837133 0.124358527 0.991024971
18.533333 0.020648003 0.138432041 -0.447034955 -0.045076143 -0.003435217 0.127258390 0.990838885
18.600000 0.020810729 0.139038339 -0.447290659 -0.042046264 -0.001039044 0.129640386 0.990668654
18.666667 0.021100467 0.138648346 -0.447824687 -0.043516900 -0.001380662 0.131478608 0.990362465
18.733333 0.021940172 0.138062403 -0.450763106 -0.045411147 -0.000652960 0.134229511 0.989909053
18.800000 0.021483077 0.140551075 -0.454537809 -0.038212240 0.003198995 0.136388347 0.989913046
18.866667 0.018888175 0.145545617 -0.458200455 -0.024984384 0.011407976 0.139822841 0.989795566
18.933333 0.018662851 0.144495919 -0.462916940 -0.033897337 0.014905805 0.142286524 0.989132643
19.000000 0.018565672 0.144501597 -0.469556361 -0.042008441 0.017888987 0.146121949 0.988212347
19.066667 0.016562510 0.146277845 -0.477714479 -0.048714641 0.027880842 0.157259583 0.985960960
19.133333 0.016201742 0.148686707 -0.485500664 -0.055178132 0.031149201 0.168650180 0.983637273
19.200000 0.014401719 0.147096127 -0.492485642 -0.069682799 0.039550651 0.177664220 0.980823874
19.266667 0.013873352 0.145776600 -0.497483671 -0.080346189 0.042659599 0.180778205 0.979307890
19.333333 0.014468279 0.144711778 -0.500446737 -0.089478031 0.040496729 0.179829344 0.978782475
19.400000 0.015494069 0.146658152 -0.504714429 -0.089543819 0.036090478 0.181236714 0.978689253
19.466667 0.015927963 0.147014052 -0.506803513 -0.091381505 0.033914011 0.181688905 0.978513360
19.533333 0.015861170 0.149883687 -0.509466946 -0.085517891 0.030797595 0.178752571 0.979686558
19.600000 0.016127158 0.149495319 -0.511991024 -0.090483144 0.027532162 0.175575987 0.979912221
19.666667 0.015930803 0.149120808 -0.513917089 -0.093523167 0.026477816 0.173262492 0.980067611
19.733333 0.015280608 0.149286821 -0.514076829 -0.092462435 0.027144987 0.171180129 0.980515838
19.800000 0.015015278 0.148458600 -0.514408052 -0.096618503 0.024552712 0.165104046 0.981225073
19.866667 0.015029270 0.148358464 -0.514332473 -0.097190395 0.023683323 0.165244699 0.981166303
19.933333 0.014769454 0.148186818 -0.514569044 -0.098337576 0.022753363 0.162812769 0.981480539
20.000000 0.014448280 0.147698820 -0.514937401 -0.100454345 0.021672666 0.161343962 0.981533170
20.066667 0.014444465 0.147175208 -0.515219629 -0.102780655 0.021201931 0.163403124 0.980961800
20.133333 0.013231628 0.146654442 -0.516521513 -0.105738230 0.021352232 0.163359612 0.980651379
20.200000 0.012862631 0.147925943 -0.519638956 -0.104850747 0.016565546 0.169012994 0.979880869
20.266667 0.012870347 0.147035107 -0.521636069 -0.109192871 0.015153566 0.170381799 0.979192197
20.333333 0.013252493 0.147391081 -0.525236130 -0.110594518 0.012718471 0.172967449 0.978616059
20.400000 0.013966534 0.147691742 -0.529046416 -0.112075597 0.008792711 0.171993971 0.978662252
20.466667 0.013892630 0.155132666 -0.538193047 -0.089128189 0.003981619 0.168604314 0.981637895
20.533333 0.015601094 0.165765777 -0.549483478 -0.057102289 -0.005385746 0.169145688 0.983920753
20.600000 0.017027160 0.169507965 -0.556668699 -0.049931768 -0.009830594 0.169980079 0.984132588
20.666667 0.017807811 0.171939477 -0.561776638 -0.047537621 -0.012814634 0.172821000 0.983721972
20.733333 0.017662073 0.177019477 -0.566521525 -0.038375635 -0.015042393 0.175513372 0.983613789
20.800000 0.014858843 0.187783957 -0.577564001 -0.004713530 -0.012267976 0.180241674 0.983534575
20.866667 0.012012352 0.196313754 -0.585318565 0.019579532 -0.008082064 0.186928138 0.982145250
20.933333 0.011557027 0.196453184 -0.588055372 0.015791588 -0.007090141 0.191150397 0.981408119
21.000000 0.012012715 0.196971819 -0.588864326 0.016020864 -0.009817705 0.195110470 0.980601311
21.066667 0.011928269 0.196972251 -0.589098632 0.015344162 -0.009660538 0.195535570 0.980528951
21.133333 0.012532291 0.197032109 -0.589693129 0.013856595 -0.011947691 0.194907665 0.980650961
21.200000 0.013410471 0.197243676 -0.590788424 0.011842147 -0.015754629 0.193653494 0.980872035
21.266667 0.013598002 0.197572336 -0.592127264 0.010124958 -0.016753782 0.192931741 0.981016874
21.333333 0.014569912 0.197433114 -0.594355285 0.005283181 -0.020461334 0.194195405 0.980735242
21.400000 0.014818752 0.197628856 -0.597958088 0.000266377 -0.021725493 0.199700549 0.979616046
21.466667 0.016120572 0.197645247 -0.600494683 -0.004953275 -0.026554493 0.201069519 0.979204476
21.533333 0.016758766 0.198084012 -0.604054332 -0.009323710 -0.029184541 0.203436986 0.978608608
21.600000 0.018316347 0.199696928 -0.609839320 -0.011265862 -0.036420040 0.212174997 0.976487815
21.666667 0.019277826 0.201067895 -0.617703378 -0.014807166 -0.039995831 0.220717356 0.974404931
21.733333 0.016285159 0.207902327 -0.625765383 0.003610941 -0.033972472 0.229148120 0.972791851
21.800000 0.011652503 0.215891659 -0.638134718 0.026316062 -0.023882702 0.246164918 0.968576252
21.866667 0.006273411 0.226449102 -0.645472646 0.060401127 -0.012854459 0.259544194 0.963754773
21.933333 -0.001110118 0.232790709 -0.652437627 0.082917698 0.004850423 0.272307068 0.958618820
22.000000 -0.006430008 0.236830831 -0.658652782 0.097935013 0.020429155 0.280123949 0.954736590
22.066667 -0.007189162 0.236703500 -0.659275711 0.097619757 0.023401989 0.281311512 0.954351425
22.133333 -0.007826965 0.236766085 -0.660082221 0.097619101 0.025420161 0.282557756 0.953931570
22.200000 -0.007671285 0.236510634 -0.660953522 0.095726028 0.024302004 0.283653289 0.953827441
22.266667 -0.007648677 0.236317590 -0.661104202 0.094743736 0.023630641 0.285423100 0.953414321
22.333333 -0.007732786 0.236360535 -0.661184728 0.094843522 0.023859950 0.285393953 0.953407466
22.400000 -0.007697508 0.236626193 -0.661270440 0.095789514 0.023325246 0.285595685 0.953265667
22.466667 -0.007736124 0.237591654 -0.662582636 0.098491892 0.020978762 0.288941890 0.952035666
22.533333 -0.007959075 0.238635719 -0.663663566 0.101489797 0.018941564 0.290154159 0.951394618
22.600000 -0.008865669 0.236822337 -0.669972181 0.092990816 0.020761650 0.296225756 0.950353622
22.666667 -0.009450410 0.236668766 -0.673470199 0.093447298 0.022940272 0.299540251 0.949219167
22.733333 -0.012150392 0.233088896 -0.680323839 0.086299464 0.034219656 0.306445628 0.947350264
22.800000 -0.015863020 0.227755487 -0.686484337 0.080380924 0.050751980 0.311599523 0.945446432
22.866667 -0.018787798 0.223646805 -0.693127990 0.077886119 0.062442619 0.308547914 0.945956051
22.933333 -0.021308806 0.219810411 -0.698982060 0.079289608 0.076532096 0.308996588 0.944657147
23.000000 -0.023858335 0.223552227 -0.700562894 0.094982475 0.079792485 0.303127944 0.944841206
23.066667 -0.022920586 0.224746272 -0.699990451 0.097897522 0.077607535 0.299955070 0.945737898
23.133333 -0.020902321 0.223933578 -0.699419737 0.091116369 0.074486211 0.297326803 0.947494864
23.200000 -0.020546116 0.222353339 -0.699410975 0.084717430 0.075758226 0.298235625 0.947702110
23.266667 -0.020674892 0.221587718 -0.699236214 0.082209691 0.076127499 0.300529659 0.947168469
23.333333 -0.020876132 0.221684694 -0.699434638 0.083197050 0.075845219 0.301412910 0.946824193
23.400000 -0.020507976 0.220511898 -0.699068248 0.078924999 0.076829225 0.301850528 0.946971178
23.466667 -0.021267742 0.221642166 -0.698844492 0.084021471 0.078224853 0.301172942 0.946634114
23.533333 -0.020481229 0.219943941 -0.699471116 0.076061442 0.076613396 0.302512884 0.947011590
23.600000 -0.020706102 0.220369309 -0.699238300 0.077442177 0.077730089 0.300825536 0.947346151
23.666667 -0.020715747 0.220388517 -0.699193656 0.077669047 0.077513441 0.301324099 0.947186887
23.733333 -0.020503320 0.219800845 -0.699353456 0.075118773 0.077217326 0.302188158 0.947141528
23.800000 -0.020548221 0.220151052 -0.698894799 0.075925760 0.079064183 0.299556404 0.947760582
23.866667 -0.020503096 0.219773799 -0.698530614 0.074162774 0.080470674 0.298454702 0.948129356
23.933333 -0.020265006 0.219738618 -0.698803663 0.073368177 0.079933152 0.298167050 0.948327124
24.000000 -0.020229448 0.219655916 -0.698578596 0.072548747 0.080702484 0.296711117 0.948781490
24.066667 -0.020206809 0.220457330 -0.698190272 0.075303093 0.081746042 0.294523954 0.949158967
24.133333 -0.019834049 0.220031053 -0.698286772 0.073048711 0.081262551 0.294338733 0.949434042
24.200000 -0.020012338 0.220287770 -0.698357821 0.074653126 0.080185466 0.295221418 0.949126720
24.266667 -0.020757005 0.219207183 -0.698756754 0.072242349 0.081422873 0.299730271 0.947793841
24.333333 -0.020765495 0.219363883 -0.698952019 0.073248506 0.078699194 0.302498519 0.947066963
24.400000 -0.020259596 0.219848186 -0.697440326 0.076035202 0.079807885 0.306759000 0.945382655
24.466667 -0.020191561 0.220085800 -0.697118938 0.077741586 0.079254143 0.311556548 0.943720043
24.533333 -0.019826576 0.219655931 -0.696741879 0.075857945 0.077558801 0.319231480 0.941446483
24.600000 -0.019911673 0.220305383 -0.696471095 0.078083239 0.078151040 0.316497356 0.942138493
24.666667 -0.019712549 0.220346481 -0.696689308 0.077687450 0.077199541 0.315751851 0.942499697
24.733333 -0.019492045 0.220760792 -0.696311414 0.077864759 0.078164458 0.311631233 0.943776131
24.800000 -0.019379459 0.220347196 -0.696493328 0.075408593 0.078598037 0.309507996 0.944637895
24.866667 -0.019347355 0.220469117 -0.696852088 0.075928956 0.075955197 0.310989678 0.944325686
24.933333 -0.019700848 0.220931351 -0.696674883 0.077865966 0.076166481 0.309681803 0.944580734
25.000000 -0.019741155 0.220588148 -0.696643054 0.075049177 0.076915734 0.305035561 0.946258366
25.066667 -0.019417021 0.220011950 -0.696803510 0.070308641 0.076184817 0.300487936 0.948134780
25.133333 -0.019340906 0.220103458 -0.696709335 0.069566824 0.077014074 0.296486348 0.949381471
25.200000 -0.019211460 0.220445693 -0.696101904 0.068275169 0.081202887 0.287164122 0.951988101
25.266667 -0.019183833 0.220276996 -0.695978761 0.066117853 0.083983846 0.282446742 0.953309536
25.333333 -0.019018732 0.220412642 -0.695885777 0.066482678 0.083234161 0.282569796 0.953313410
25.400000 -0.019033618 0.220516831 -0.696319103 0.066520944 0.084692396 0.278480351 0.954385042
25.466667 -0.019080780 0.220430017 -0.696573794 0.066103995 0.085063182 0.276473522 0.954964340
25.533333 -0.018761110 0.220375001 -0.696491778 0.065319858 0.084598698 0.276260257 0.955121279
25.600000 -0.018816181 0.222002745 -0.696783721 0.068176717 0.081524119 0.273592919 0.955956459
25.666667 -0.018817693 0.221081376 -0.696772516 0.061783932 0.081954978 0.270997852 0.957092643
25.733333 -0.019828655 0.220864758 -0.697060883 0.058061339 0.083701596 0.269605994 0.957567513
25.800000 -0.019976048 0.220974654 -0.696925759 0.054691974 0.083415344 0.266514361 0.958655715
25.866667 -0.019256234 0.221154779 -0.695754886 0.043723755 0.076309465 0.264486015 0.960370898
25.933333 -0.017592954 0.222501844 -0.695324719 0.034357879 0.064061232 0.261305898 0.962514937
26.000000 -0.016520848 0.222089022 -0.696007133 0.029675104 0.058187544 0.259525776 0.963524818
26.066667 -0.016255612 0.221639499 -0.695787013 0.026811110 0.058667861 0.256825268 0.964302897
26.133333 -0.016615588 0.221773535 -0.695815802 0.027238235 0.060345042 0.256620616 0.964241862
26.200000 -0.014589375 0.216343999 -0.699827135 0.015054210 0.059486020 0.259389758 0.963821411
26.266667 -0.014326304 0.215200096 -0.703132808 0.012976626 0.059300713 0.256739706 0.964572370
26.333333 -0.013826648 0.217963576 -0.703481078 0.023340560 0.054891504 0.258078665 0.964280844
26.400000 -0.013614606 0.217907250 -0.704466641 0.023002403 0.051825579 0.256123692 0.964979649
26.466667 -0.013535487 0.219085395 -0.705127120 0.027364107 0.049466006 0.254955173 0.965299010
26.533333 -0.013212327 0.218995437 -0.705268383 0.026738828 0.048240688 0.255320847 0.965281904
26.600000 -0.013682818 0.220408857 -0.705554903 0.032599717 0.048051000 0.254658461 0.965286195
26.666667 -0.013429940 0.220891461 -0.706439555 0.033759750 0.045375764 0.253733546 0.965619266
26.733333 -0.012991693 0.221673220 -0.706002355 0.036726799 0.044446487 0.253459811 0.965626121
26.800000 -0.016196832 0.221644342 -0.707902431 0.042575750 0.053319104 0.252770215 0.965117455
26.866667 -0.016036192 0.221280023 -0.708205521 0.041355737 0.052309085 0.253434330 0.965051591
26.933333 -0.017358238 0.220536232 -0.710979402 0.043627847 0.056499559 0.252328485 0.965005100
27.000000 -0.016538162 0.216635451 -0.713679016 0.036506377 0.057718989 0.250961959 0.965584755
27.066667 -0.016350716 0.204226360 -0.718661249 0.009761601 0.068105996 0.252802104 0.965068579
27.133333 -0.014313654 0.192782998 -0.724976122 -0.014249871 0.076936439 0.266354740 0.960693955
27.200000 -0.012404982 0.195205748 -0.728747010 0.002749773 0.081848219 0.272156566 0.958761752
27.266667 -0.014235657 0.204421699 -0.728946328 0.040587455 0.089685537 0.269312203 0.958008409
27.333333 -0.029518384 0.216835186 -0.729155660 0.095358975 0.124967434 0.247746825 0.955987096
27.400000 -0.035330422 0.221370906 -0.727717221 0.115489118 0.139641449 0.237798557 0.954261184
27.466667 -0.034895945 0.221633464 -0.727518380 0.115530990 0.141835824 0.237731069 0.953949213
27.533333 -0.034189422 0.221255064 -0.727604091 0.113774844 0.141223043 0.240768343 0.953489363
27.600000 -0.034196883 0.221426383 -0.725491285 0.114616886 0.148861319 0.241244644 0.952105165
27.666667 -0.034480657 0.220972791 -0.725838006 0.113788754 0.148778483 0.243116200 0.951741397
27.733333 -0.031900808 0.222715899 -0.723783135 0.116807811 0.142391518 0.250170320 0.950523794
