0.000000 0.000000000 0.000000000 0.000000000 -0.000000000 -0.000000000 -0.000000000 1.000000000
0.066667 0.000249222 0.003747187 -0.001396181 0.008748422 -0.001348709 -0.001516054 0.999959648
0.133333 0.000272646 0.007109146 -0.003959547 0.018495204 -0.001630157 -0.000613364 0.999827445
0.200000 0.000596488 0.009189271 -0.005292366 0.025174525 -0.003046813 -0.001140261 0.999677837
0.266667 0.001108161 0.011079742 -0.006540678 0.031521507 -0.005496913 -0.001747169 0.999486446
0.333333 0.001589815 0.013860894 -0.007471358 0.041470990 -0.007412286 -0.003743633 0.999105215
0.400000 0.001998023 0.016009666 -0.008053181 0.049982116 -0.008796333 -0.002927336 0.998707116
0.466667 0.002116230 0.018373568 -0.008689547 0.058398589 -0.008830269 -0.001975681 0.998252392
0.533333 0.002400262 0.024283452 -0.009669498 0.080228671 -0.009641730 -0.004217601 0.996720970
0.600000 0.003287893 0.027037321 -0.010762719 0.090159290 -0.012780845 -0.006595134 0.995823503
0.666667 0.002751589 0.031047421 -0.011232244 0.104924686 -0.010317451 -0.005211405 0.994413018
0.733333 0.003065392 0.036054045 -0.012755843 0.122439355 -0.011588777 -0.002242027 0.992405832
0.800000 0.002997817 0.041224543 -0.014470938 0.141828492 -0.010334576 -0.000063969 0.989837289
0.866667 0.003309416 0.048419304 -0.015884921 0.166848436 -0.008869020 0.000942505 0.985942245
0.933333 0.003100183 0.053683583 -0.017110646 0.185776114 -0.007485324 0.003376025 0.982557833
1.000000 0.003882404 0.054456618 -0.017996138 0.186955422 -0.011310202 0.003046988 0.982298613
1.066667 0.005156925 0.054889772 -0.018767955 0.186981082 -0.016233478 0.001990253 0.982227385
1.133333 0.006000302 0.055159111 -0.019076634 0.187117800 -0.019553481 0.001404592 0.982141852
1.200000 0.006782209 0.056173198 -0.019644761 0.189970568 -0.022788344 -0.000485797 0.981525183
1.266667 0.006753751 0.057899848 -0.020355089 0.196611390 -0.022563133 -0.000842946 0.980221510
1.333333 0.007070662 0.062238466 -0.020473976 0.215004399 -0.021684170 -0.002577987 0.976368904
1.400000 0.006760587 0.064756393 -0.021161158 0.223295942 -0.019834606 -0.001251768 0.974548101
1.466667 0.006189867 0.065999717 -0.022804230 0.224100724 -0.017957477 0.001272090 0.974399745
1.533333 0.004799851 0.069800869 -0.023730110 0.235936657 -0.013721512 0.002103830 0.971669257
1.600000 0.004180237 0.073365152 -0.023863669 0.248111397 -0.011202887 0.001063569 0.968666136
1.666667 0.003773718 0.075788297 -0.024019495 0.257067174 -0.009660415 0.001087401 0.966344655
1.733333 0.003559077 0.079427123 -0.024648795 0.269947380 -0.008597457 0.001647140 0.962835312
1.800000 0.002685822 0.082727142 -0.024940278 0.279440999 -0.004662419 0.002579819 0.960148096
1.866667 0.000875330 0.086705856 -0.025593579 0.291486055 0.001530377 0.004439236 0.956563592
1.933333 -0.000682000 0.091054961 -0.027950229 0.299703300 0.006452263 0.005523551 0.953994691
2.000000 -0.001064175 0.094883181 -0.030025408 0.305785000 0.007249924 0.005769402 0.952055514
2.066667 -0.001677386 0.097834863 -0.031017343 0.311832309 0.008626628 0.006178074 0.950077891
2.133333 -0.002416130 0.100202009 -0.031801537 0.320644319 0.010605770 0.010728639 0.947079539
2.200000 -0.003515571 0.101396747 -0.031854160 0.324869722 0.014510595 0.012196486 0.945568800
2.266667 -0.003125283 0.102104485 -0.032338977 0.326111883 0.012450137 0.012213673 0.945170283
2.333333 -0.002582296 0.102017462 -0.033125348 0.324495643 0.009868689 0.012577885 0.945752084
2.400000 -0.002293230 0.102235220 -0.033360153 0.324763536 0.008500607 0.012223688 0.945678055
2.466667 -0.002619395 0.104163028 -0.034881867 0.328055441 0.008904873 0.013139942 0.944525123
2.533333 -0.003934543 0.107075036 -0.035793521 0.337594360 0.013776252 0.011159200 0.941124737
2.600000 -0.005468564 0.109090708 -0.036310300 0.346406221 0.018859413 0.013624068 0.937796056
2.666667 -0.005895728 0.111594602 -0.037477553 0.351223975 0.019743705 0.013259059 0.935989380
2.733333 -0.007477532 0.113472737 -0.039822914 0.353515238 0.025161717 0.013845854 0.934987783
2.800000 -0.008101685 0.115361750 -0.041397415 0.356750220 0.027380286 0.014089378 0.933692157
2.866667 -0.008802162 0.117451392 -0.041993670 0.362920046 0.030891456 0.013501001 0.931210279
2.933333 -0.010185671 0.118709520 -0.043393288 0.364631295 0.034389284 0.015506632 0.930387497
3.000000 -0.009970201 0.118934453 -0.043856688 0.364425659 0.032656208 0.015837120 0.930524945
3.066667 -0.009420758 0.119134679 -0.044286713 0.364121109 0.030391915 0.015301162 0.930729866
3.133333 -0.009178762 0.119667761 -0.045375384 0.363313138 0.028565632 0.016275207 0.931086898
3.200000 -0.010247640 0.120636441 -0.046458367 0.362939328 0.031719476 0.017888991 0.931100905
3.266667 -0.010562080 0.121034935 -0.047819518 0.361695588 0.032282904 0.018931605 0.931544781
3.333333 -0.010615342 0.120918840 -0.048060745 0.360751092 0.032097027 0.019353362 0.931908786
3.400000 -0.010504356 0.121120989 -0.047877755 0.361342877 0.031886201 0.018899778 0.931695998
3.466667 -0.010658413 0.121278286 -0.047813617 0.361676097 0.032422140 0.018218465 0.931561768
3.533333 -0.010584108 0.121452138 -0.047821581 0.361902118 0.032214664 0.018228924 0.931480944
3.600000 -0.010671100 0.121391356 -0.047742385 0.361144722 0.032095876 0.018333199 0.931776941
3.666667 -0.010176746 0.122863501 -0.047309369 0.357155621 0.030154984 0.015926305 0.933422148
3.733333 -0.009605599 0.122854576 -0.047109686 0.356587529 0.028402397 0.015730230 0.933697581
3.800000 -0.009865702 0.122983351 -0.047156349 0.356360793 0.029003605 0.016214956 0.933757424
3.866667 -0.009821715 0.123377025 -0.047235116 0.356522471 0.029319884 0.014916364 0.933707416
3.933333 -0.009737964 0.123317830 -0.048364919 0.353582203 0.027911408 0.016674863 0.934838235
4.000000 -0.010289247 0.124032177 -0.049329616 0.353288770 0.029281499 0.018290229 0.934877038
4.066667 -0.010910804 0.124387540 -0.050446391 0.351364642 0.031173117 0.019755963 0.935511053
4.133333 -0.011341998 0.125080153 -0.051116928 0.350334555 0.032338150 0.019284191 0.935867548
4.200000 -0.012926532 0.127113327 -0.053181686 0.349381834 0.034926131 0.019980749 0.936116099
4.266667 -0.015856778 0.130475432 -0.057780780 0.348370492 0.041379541 0.021691555 0.936191916
4.333333 -0.016441129 0.131577641 -0.066021152 0.341754705 0.040842716 0.025632923 0.938551307
4.400000 -0.018565673 0.133989662 -0.071665928 0.345083058 0.046735507 0.031934746 0.936863720
4.466667 -0.019425726 0.136283845 -0.073313609 0.349805355 0.048601553 0.033161063 0.934972942
4.533333 -0.019794056 0.137364641 -0.074150160 0.351533234 0.049169388 0.033968009 0.934266031
4.600000 -0.019843714 0.137733787 -0.074243814 0.352141321 0.049254529 0.033856783 0.934036493
4.666667 -0.019989725 0.137687206 -0.074282065 0.351684481 0.049776323 0.033529188 0.934192777
4.733333 -0.019754123 0.137711465 -0.074701786 0.350806355 0.048280973 0.034348600 0.934571564
4.800000 -0.020159129 0.138143852 -0.074961826 0.351228744 0.049348976 0.035151277 0.934327245
4.866667 -0.021607162 0.139863685 -0.076724142 0.353762716 0.053391919 0.035567041 0.933132529
4.933333 -0.023837274 0.142164260 -0.079965152 0.355255067 0.057521883 0.035066586 0.932338715
5.000000 -0.024273174 0.142382041 -0.082378969 0.352802843 0.058390204 0.035466556 0.933200359
5.066667 -0.025185456 0.144188628 -0.085417032 0.353976309 0.058726724 0.036848612 0.932681143
5.133333 -0.026408730 0.145473555 -0.088033959 0.354271978 0.061546247 0.036773369 0.932390034
5.200000 -0.026929852 0.147278577 -0.089087047 0.358447134 0.062076773 0.035258401 0.930816293
5.266667 -0.027464624 0.149361148 -0.090250060 0.361988276 0.060840547 0.034545708 0.929553390
5.333333 -0.029018961 0.150914878 -0.092087880 0.362908036 0.062410541 0.033613574 0.929124773
5.400000 -0.030950405 0.152014211 -0.093719527 0.362954825 0.066319026 0.031512339 0.928909361
5.466667 -0.032510385 0.152143702 -0.095851339 0.359610021 0.068442203 0.030113859 0.930101871
5.533333 -0.034208883 0.153626010 -0.098007888 0.359001338 0.070340194 0.020798746 0.930450320
5.600000 -0.035228502 0.154342234 -0.100488409 0.356731653 0.069994859 0.019675363 0.931373239
5.666667 -0.036098193 0.154756084 -0.102764636 0.354900092 0.069150276 0.017618097 0.932176888
5.733333 -0.035479140 0.154829115 -0.107823022 0.346779048 0.059320707 0.014171367 0.935961843
5.800000 -0.034895308 0.156579062 -0.110579908 0.348364741 0.052717611 0.013566619 0.935777128
5.866667 -0.034754235 0.156486660 -0.110695198 0.348065704 0.052116618 0.013369368 0.935924888
5.933333 -0.033988617 0.156372145 -0.110310473 0.349067032 0.053514343 0.010309134 0.935511708
6.000000 -0.033547875 0.155879781 -0.109594166 0.351633936 0.060363207 0.008357723 0.934152067
6.066667 -0.034512661 0.156155720 -0.108925477 0.355429083 0.069265202 0.008852442 0.932091296
6.133333 -0.034638606 0.156086862 -0.108971581 0.355519772 0.069305219 0.009674439 0.932045519
6.200000 -0.034387469 0.156069174 -0.108987510 0.355583012 0.068591036 0.009193200 0.932079136
6.266667 -0.034340389 0.156184867 -0.108617559 0.356770933 0.068797380 0.009153046 0.931610227
6.333333 -0.034458969 0.155929521 -0.108610049 0.356202990 0.069371052 0.009178610 0.931784749
6.400000 -0.034520350 0.155792415 -0.109061867 0.355059385 0.068795502 0.009803277 0.932257414
6.466667 -0.034546934 0.156060472 -0.108889975 0.356112510 0.068743281 0.009629059 0.931861341
6.533333 -0.034675013 0.156141922 -0.109053828 0.356208801 0.069178790 0.010407719 0.931783915
6.600000 -0.034494895 0.156020477 -0.109074004 0.355903178 0.068857096 0.010390350 0.931924701
6.666667 -0.034351576 0.156140655 -0.109257437 0.356069475 0.068484411 0.009830433 0.931894779
6.733333 -0.033554770 0.156076983 -0.110814638 0.358019024 0.066204615 0.011307595 0.931295633
6.800000 -0.033835836 0.157369569 -0.111616135 0.363760233 0.066949084 0.010558097 0.929023623
6.866667 -0.034265500 0.157654479 -0.113273755 0.366025358 0.068126723 0.011017241 0.928042471
6.933333 -0.035002038 0.158768818 -0.114451423 0.370263845 0.070988834 0.010438404 0.926151335
7.000000 -0.036074616 0.159353852 -0.116222091 0.373619169 0.074276514 0.010158063 0.924547791
7.066667 -0.037138972 0.161094517 -0.117157429 0.380620629 0.078204766 0.008605083 0.921378314
7.133333 -0.038194027 0.162602067 -0.117606357 0.387242794 0.082443744 0.004898539 0.918271244
7.200000 -0.039929371 0.164006487 -0.119280249 0.391329020 0.087834194 0.002860364 0.916045070
7.266667 -0.042191349 0.165278643 -0.120790020 0.392599672 0.093480103 0.000916375 0.914945960
7.333333 -0.042520683 0.167396948 -0.121628366 0.399213225 0.091991857 0.000866694 0.912231147
7.400000 -0.042050190 0.167905942 -0.122199669 0.399849921 0.088805340 0.001067710 0.912267804
7.466667 -0.041504245 0.168562844 -0.122139670 0.402449340 0.085499413 0.001061806 0.911440194
7.533333 -0.040661037 0.170095533 -0.123106040 0.405820727 0.079513408 0.000729088 0.910486996
7.600000 -0.040347151 0.170564428 -0.124182999 0.404843718 0.075968616 0.000361432 0.911224604
7.666667 -0.041009348 0.172209799 -0.127175957 0.402606457 0.072635382 -0.003273199 0.912480891
7.733333 -0.040725056 0.172392651 -0.129662752 0.398324072 0.066910207 -0.004277809 0.914791107
7.800000 -0.040705029 0.173027843 -0.132200301 0.394691318 0.062299598 -0.004388401 0.916688800
7.866667 -0.039389897 0.172584787 -0.134331137 0.389047980 0.052787259 -0.002080613 0.919701517
7.933333 -0.038334485 0.176086962 -0.138709962 0.382863462 0.040421188 0.008323360 0.922882676
8.000000 -0.035327569 0.177595392 -0.142160013 0.369261235 0.025418069 0.021396980 0.928731561
8.066667 -0.032447126 0.176741153 -0.145216316 0.355048805 0.012184738 0.023167448 0.934481204
8.133333 -0.031530663 0.177215844 -0.147181839 0.350941569 0.008171470 0.023723194 0.936061144
8.200000 -0.031779636 0.177685007 -0.147597283 0.351353616 0.008680666 0.024119174 0.935891867
8.266667 -0.031887516 0.177531123 -0.147638470 0.349811405 0.009644417 0.022991549 0.936488330
8.333333 -0.031625006 0.177353457 -0.147512287 0.349144369 0.008547035 0.022975629 0.936748266
8.400000 -0.031759478 0.177401513 -0.147508278 0.349086970 0.008868396 0.022887716 0.936768830
8.466667 -0.031835306 0.177739903 -0.147923291 0.347955763 0.008827519 0.022599190 0.937196970
8.533333 -0.031303596 0.177862197 -0.148954347 0.344251066 0.006325628 0.021802029 0.938603163
8.600000 -0.031345330 0.177926317 -0.150486439 0.340102047 0.005608925 0.021730114 0.940120757
8.666667 -0.030631686 0.178101242 -0.151924908 0.337339461 0.001987859 0.021762528 0.941129386
8.733333 -0.028986929 0.178114980 -0.153835148 0.331871480 -0.005536126 0.020920472 0.943076372
8.800000 -0.028935898 0.177415565 -0.158919513 0.316769689 -0.006562695 0.024584156 0.948161125
8.866667 -0.029998355 0.173987806 -0.165475190 0.296491534 -0.002476440 0.025200143 0.954699755
8.933333 -0.030501125 0.169234350 -0.169589683 0.284107655 0.002015383 0.025980115 0.958438218
9.000000 -0.030443724 0.165951803 -0.171445727 0.282279670 0.004406266 0.027239306 0.958935261
9.066667 -0.031119123 0.161943793 -0.176080614 0.275525600 0.008610230 0.033443730 0.960673213
9.133333 -0.031747930 0.160555348 -0.179994911 0.271034926 0.012477734 0.032855235 0.961927712
9.200000 -0.032358769 0.160071582 -0.183470771 0.265608221 0.015656857 0.030687224 0.963465333
9.266667 -0.032136600 0.160163760 -0.183411017 0.266296774 0.014991221 0.030545441 0.963290393
9.333333 -0.032217197 0.160236716 -0.183604479 0.266610682 0.015293216 0.030066473 0.963213861
9.400000 -0.032175362 0.160767779 -0.183700189 0.269196868 0.015270492 0.029168079 0.962522268
9.466667 -0.032090522 0.160836533 -0.183709651 0.269972891 0.014686733 0.030100025 0.962285280
9.533333 -0.032082926 0.160809770 -0.183834404 0.269997984 0.014535617 0.030773714 0.962259233
9.600000 -0.031921741 0.161132395 -0.183946103 0.271683365 0.014069878 0.030885514 0.961788118
9.666667 -0.031660628 0.161630988 -0.186335027 0.270545453 0.012439079 0.031725410 0.962103903
9.733333 -0.031581413 0.162738562 -0.190579459 0.267403483 0.010627725 0.034784876 0.962897956
9.800000 -0.030441467 0.162303045 -0.193758681 0.260348350 0.005929657 0.036259696 0.964815438
9.866667 -0.030192841 0.160141453 -0.192927986 0.261067450 0.006636689 0.038423475 0.964532733
9.933333 -0.029629799 0.156913444 -0.196323037 0.252656549 0.004716611 0.046627946 0.966420352
10.000000 -0.035298765 0.156233162 -0.197326392 0.248846635 0.029159602 0.064220756 0.965971410
10.066667 -0.038182437 0.155623242 -0.198976904 0.244069532 0.040429387 0.064004034 0.966798365
10.133333 -0.038694967 0.154847369 -0.201486826 0.240245491 0.041487426 0.063266791 0.967759371
10.200000 -0.038485061 0.154849768 -0.201774463 0.240700066 0.040532328 0.063729785 0.967656493
10.266667 -0.038199499 0.154744446 -0.202180132 0.240337595 0.039548267 0.063828535 0.967780828
10.333333 -0.037675615 0.154921338 -0.202683881 0.240611941 0.037254419 0.063701704 0.967812061
10.400000 -0.036189400 0.155888215 -0.206393927 0.237608254 0.030652484 0.065283053 0.968679965
10.466667 -0.035060715 0.155452356 -0.213324219 0.224701986 0.024880705 0.067981742 0.971734762
10.533333 -0.034128349 0.155900419 -0.220288321 0.213659734 0.019606723 0.068439603 0.974310577
10.600000 -0.033946492 0.152654722 -0.223429799 0.201122761 0.019265227 0.072771206 0.976669252
10.666667 -0.032036513 0.150347799 -0.219505608 0.204826444 0.018738912 0.062701643 0.976608157
10.733333 -0.033051632 0.147777587 -0.218863815 0.208086222 0.024225492 0.063350029 0.975756168
10.800000 -0.033141486 0.146447107 -0.216025099 0.217593327 0.029796796 0.059466355 0.973770559
10.866667 -0.034381732 0.147569478 -0.218369216 0.227265179 0.034611814 0.059805971 0.971378326
10.933333 -0.033971481 0.149528325 -0.222627506 0.231647953 0.032555707 0.058551468 0.970490158
11.000000 -0.033689953 0.149880037 -0.227925196 0.227901652 0.029993083 0.061070669 0.971304119
11.066667 -0.033900216 0.150956959 -0.231569782 0.223607585 0.030574042 0.063282065 0.972142100
11.133333 -0.033746880 0.150423497 -0.233665437 0.220142066 0.030240921 0.066182256 0.972750187
11.200000 -0.033365648 0.148912683 -0.235778958 0.214892492 0.029581815 0.070031792 0.973674357
11.266667 -0.032730699 0.146775544 -0.238636255 0.208884627 0.027740223 0.073650025 0.974768400
11.333333 -0.032679185 0.146457568 -0.240159377 0.207166344 0.028115291 0.073552109 0.975131631
11.400000 -0.032662172 0.147150174 -0.242841125 0.209073156 0.027274353 0.073870488 0.974724472
11.466667 -0.031496391 0.148372948 -0.246518120 0.211686626 0.022532132 0.074828386 0.974208295
11.533333 -0.031175211 0.148743123 -0.250551850 0.212230220 0.021574717 0.075409614 0.974066913
11.600000 -0.031109340 0.150341913 -0.254251033 0.216645300 0.021553852 0.078253753 0.972870350
11.666667 -0.030328505 0.150935993 -0.256699175 0.217628583 0.018467167 0.079817526 0.972587228
11.733333 -0.029351145 0.152068570 -0.263400853 0.213581443 0.013896759 0.082194574 0.973362148
11.800000 -0.028193278 0.153022736 -0.269502282 0.209406585 0.009832249 0.081637517 0.974365234
11.866667 -0.028021241 0.154176265 -0.273748130 0.207014829 0.008534709 0.082369618 0.974826813
11.933333 -0.028511573 0.154361293 -0.277801573 0.202601925 0.009742172 0.084194206 0.975586414
12.000000 -0.027284954 0.154804990 -0.280828536 0.205294296 0.005200825 0.087041810 0.974808156
12.066667 -0.026113138 0.154944167 -0.283151716 0.207452208 0.000929310 0.090741768 0.974027038
12.133333 -0.025008116 0.155373946 -0.285830438 0.207197219 -0.003125775 0.092658803 0.973896265
12.200000 -0.023694441 0.155435622 -0.290262938 0.202372760 -0.006745358 0.094459862 0.974718988
12.266667 -0.023980008 0.154576704 -0.293298155 0.197032839 -0.004340655 0.096580885 0.975618482
12.333333 -0.023972707 0.154113591 -0.294419199 0.195082292 -0.003782277 0.097202256 0.975951016
12.400000 -0.023247860 0.152927876 -0.295137644 0.192458838 -0.005290988 0.098194771 0.976365387
12.466667 -0.022001481 0.151791006 -0.297679424 0.186470747 -0.009663800 0.100264117 0.977283180
12.533333 -0.021374162 0.151190966 -0.301826864 0.179406822 -0.010252484 0.102413520 0.978375971
12.600000 -0.019803366 0.150626212 -0.304553568 0.177023575 -0.014659437 0.107894599 0.978164911
12.666667 -0.018354721 0.150316238 -0.305714399 0.178699419 -0.019278325 0.110286109 0.977513075
12.733333 -0.017220173 0.150718808 -0.307740688 0.179904953 -0.021812314 0.113546886 0.976865172
12.800000 -0.016001210 0.150745377 -0.310774177 0.179087415 -0.024453687 0.115993008 0.976665437
12.866667 -0.015503532 0.150619745 -0.311924011 0.181818172 -0.024986938 0.118929364 0.975793839
12.933333 -0.015053973 0.150469318 -0.313305199 0.183493227 -0.024685884 0.120885678 0.975247443
13.000000 -0.013680248 0.150203004 -0.317094386 0.178933516 -0.025933877 0.125986904 0.975416601
13.066667 -0.014184605 0.150239840 -0.322243363 0.171532586 -0.022005996 0.132895187 0.975925803
13.133333 -0.013894049 0.149522766 -0.325026423 0.165026918 -0.020196339 0.135440975 0.976736426
13.200000 -0.013443062 0.148463532 -0.329031140 0.154047772 -0.020230247 0.136106506 0.978435040
13.266667 -0.013775437 0.148379937 -0.330931604 0.151005879 -0.017640751 0.135613352 0.979027629
13.333333 -0.014963292 0.148489207 -0.332753986 0.146810487 -0.012553509 0.136393338 0.979635596
13.400000 -0.014448716 0.147283375 -0.334729105 0.138158038 -0.013585975 0.137705982 0.980696082
13.466667 -0.014276301 0.146596596 -0.336275816 0.133336231 -0.015218873 0.134546772 0.981777489
13.533333 -0.014290672 0.146050766 -0.337219566 0.130072564 -0.015947085 0.132599294 0.982468426
13.600000 -0.014534617 0.145949751 -0.337597728 0.128441751 -0.015630182 0.132617608 0.982685626
13.666667 -0.014380221 0.145761237 -0.337638497 0.127788693 -0.015921686 0.133387655 0.982661843
13.733333 -0.014462149 0.145748302 -0.337547064 0.127944961 -0.015548546 0.133676633 0.982608199
13.800000 -0.014385504 0.145752013 -0.337721348 0.127648413 -0.015691452 0.133647069 0.982648551
13.866667 -0.014407084 0.145805374 -0.337706476 0.128015488 -0.015454448 0.133964106 0.982561350
13.933333 -0.014483352 0.145742193 -0.337536931 0.127817199 -0.015314200 0.134732917 0.982484221
14.000000 -0.014399416 0.145796359 -0.337512165 0.127847329 -0.015503404 0.134594411 0.982496381
14.066667 -0.014473061 0.145797834 -0.337572366 0.127647772 -0.015476652 0.134180456 0.982579350
14.133333 -0.014400553 0.145788431 -0.337498605 0.127673566 -0.015843181 0.134029016 0.982590795
14.200000 -0.014487812 0.145785570 -0.337619811 0.127608821 -0.015424215 0.134243488 0.982576609
14.266667 -0.014403464 0.145726591 -0.337356031 0.127579346 -0.015629256 0.135335371 0.982427418
14.333333 -0.014357749 0.145936370 -0.337366313 0.128133401 -0.015805136 0.135901973 0.982274294
14.400000 -0.014414204 0.145725995 -0.337430269 0.127872661 -0.015378709 0.135534838 0.982365727
14.466667 -0.014315728 0.145767972 -0.337431818 0.127927482 -0.015641203 0.135852009 0.982310653
14.533333 -0.014371742 0.145798475 -0.337395102 0.128158346 -0.015522278 0.135761097 0.982294977
14.600000 -0.014352434 0.145789087 -0.337671876 0.127721369 -0.015409511 0.135820642 0.982345462
14.666667 -0.014265785 0.145887852 -0.337737709 0.127901956 -0.015796453 0.135720223 0.982329667
14.733333 -0.014128649 0.145797342 -0.337862849 0.127423510 -0.016400125 0.135586008 0.982400537
14.800000 -0.013639851 0.145640850 -0.338809311 0.125453785 -0.018578161 0.135747895 0.982592881
14.866667 -0.013879633 0.144476354 -0.341744602 0.112745509 -0.018039262 0.134401724 0.984326780
14.933333 -0.014542888 0.143586174 -0.342946023 0.102745049 -0.015300665 0.133155867 0.985636294
15.000000 -0.014997574 0.142515406 -0.344933510 0.090741560 -0.012403806 0.132506400 0.986941874
15.066667 -0.015661217 0.140389472 -0.347078294 0.072549865 -0.007908739 0.130478591 0.988761544
15.133333 -0.016281854 0.140473828 -0.350466967 0.061795153 -0.003458159 0.129959911 0.989585698
15.200000 -0.016731912 0.138472736 -0.353595823 0.049326576 0.000298060 0.129528180 0.990348101
15.266667 -0.017018536 0.138197660 -0.355712295 0.044793483 0.002302456 0.128522784 0.990691721
15.333333 -0.016845614 0.137460455 -0.357254177 0.039608888 0.002312587 0.128461227 0.990920544
15.400000 -0.020189356 0.140935987 -0.358908147 0.036071189 0.011672740 0.128856167 0.990938306
15.466667 -0.020463286 0.139707655 -0.359979242 0.016326791 0.014472940 0.126851097 0.991681814
15.533333 -0.019924775 0.137948588 -0.361970454 0.002270402 0.014305850 0.126903996 0.991809249
15.600000 -0.022761801 0.138604283 -0.364470690 -0.003938157 0.024188917 0.124651313 0.991897941
15.666667 -0.022433424 0.138243318 -0.365868509 -0.006362412 0.023664029 0.124135368 0.991962671
15.733333 -0.021683156 0.139523804 -0.367161691 -0.009131431 0.020937975 0.124862932 0.991911054
15.800000 -0.021294065 0.141463935 -0.367952794 -0.012086414 0.019945702 0.123556346 0.992063463
15.866667 -0.021563239 0.143441439 -0.371390492 -0.013948814 0.020731995 0.122971177 0.992095649
15.933333 -0.021484992 0.144446284 -0.374112815 -0.019623615 0.021097643 0.125997841 0.991612017
16.000000 -0.022264047 0.142447844 -0.376881838 -0.030955430 0.023209300 0.124579385 0.991455078
16.066667 -0.022083625 0.142094925 -0.380343944 -0.037078459 0.021502573 0.125366911 0.991184115
16.133333 -0.022023596 0.141979396 -0.380642205 -0.037459187 0.021229479 0.125378609 0.991174221
16.200000 -0.022132823 0.142320633 -0.382070690 -0.041002024 0.020799920 0.126819670 0.990859747
16.266667 -0.022089867 0.142515346 -0.384776890 -0.047258392 0.020971488 0.126016393 0.990679920
16.333333 -0.020609969 0.141880020 -0.385308892 -0.049970496 0.020207031 0.127658680 0.990352392
16.400000 -0.021171633 0.141879171 -0.385185063 -0.052073047 0.021035997 0.131501228 0.989723861
16.466667 -0.020986315 0.141972288 -0.385205418 -0.052363694 0.020251665 0.131852135 0.989678204
16.533333 -0.020988289 0.142144576 -0.385175496 -0.051968139 0.020130537 0.131606370 0.989734232
16.600000 -0.021030791 0.142434716 -0.385179341 -0.051634222 0.019904364 0.131315351 0.989794970
16.666667 -0.021260710 0.142546147 -0.385233104 -0.052086402 0.020849202 0.131978929 0.989663541
16.733333 -0.020864787 0.142007038 -0.386431873 -0.057716101 0.018697016 0.131669581 0.989435375
16.800000 -0.020937745 0.144017458 -0.386115581 -0.064001746 0.018962201 0.135374159 0.988543391
16.866667 -0.021953817 0.146625355 -0.387686580 -0.069923162 0.021841981 0.138141260 0.987699687
16.933333 -0.022521518 0.146516204 -0.391748428 -0.081595734 0.023527337 0.141128227 0.986342490
17.000000 -0.022455040 0.150159702 -0.391045213 -0.093185373 0.023451639 0.141882062 0.985208631
17.066667 -0.020700291 0.150953919 -0.395759314 -0.103103742 0.016442429 0.139233172 0.984740257
17.133333 -0.018689068 0.152356640 -0.397872120 -0.113944441 0.007710203 0.137256548 0.983929813
17.200000 -0.017139023 0.151490852 -0.402060181 -0.128494486 0.001104997 0.137159511 0.982178867
17.266667 -0.016660891 0.149618536 -0.402361602 -0.136654809 -0.000399166 0.135882273 0.981254995
17.333333 -0.015220406 0.150136486 -0.404336572 -0.139388323 -0.005752650 0.134301618 0.981071293
17.400000 -0.015004705 0.149050638 -0.405951351 -0.145200893 -0.006630999 0.133379996 0.980348170
17.466667 -0.015034960 0.148603946 -0.405985236 -0.146709874 -0.008888923 0.130746827 0.980460346
17.533333 -0.015041266 0.148238435 -0.406001687 -0.147873431 -0.009545533 0.130484104 0.980314374
17.600000 -0.015394048 0.148066193 -0.406508893 -0.147343099 -0.009632452 0.129478648 0.980526626
17.666667 -0.015639240 0.147803113 -0.406352252 -0.147993654 -0.010000103 0.128491521 0.980554819
17.733333 -0.015714707 0.147737652 -0.406369209 -0.147934258 -0.010868092 0.127333209 0.980705678
17.800000 -0.015803177 0.147393316 -0.406286776 -0.148922876 -0.011239057 0.126691014 0.980635047
17.866667 -0.015712500 0.147485003 -0.406287789 -0.148593023 -0.011180548 0.126389727 0.980724633
17.933333 -0.015672959 0.147303239 -0.406141251 -0.149035364 -0.011608476 0.126395553 0.980651736
18.000000 -0.015908372 0.147098660 -0.406278580 -0.149400890 -0.011826319 0.125369787 0.980725229
18.066667 -0.015431090 0.146463215 -0.406329572 -0.150099203 -0.011259313 0.125929564 0.980553508
18.133333 -0.013502904 0.143093124 -0.409207612 -0.147649854 -0.010960522 0.121809788 0.981448829
18.200000 -0.009630447 0.131307960 -0.424480259 -0.143409848 -0.008393322 0.108052894 0.983711243
18.266667 -0.009078891 0.124878518 -0.437395632 -0.127729997 -0.004435960 0.097646467 0.986980557
18.333333 -0.007842985 0.123704925 -0.443692476 -0.106975190 -0.004881927 0.092976406 0.989892840
18.400000 -0.008267668 0.124270827 -0.444321036 -0.095720805 -0.002214501 0.092434354 0.991104722
18.466667 -0.007989167 0.125052527 -0.444545150 -0.092090204 -0.001695508 0.093902491 0.991311729
18.533333 -0.007634474 0.125178412 -0.444824606 -0.090697430 -0.000247784 0.096127689 0.991228223
18.600000 -0.007468497 0.125455201 -0.445165455 -0.088307105 0.003186696 0.098610647 0.991195083
18.666667 -0.007182487 0.125076741 -0.445669681 -0.089651465 0.002800229 0.100116432 0.990924537
18.733333 -0.006163404 0.124799818 -0.448291332 -0.089989841 0.002378262 0.103413053 0.990556359
18.800000 -0.004562323 0.127991095 -0.452541202 -0.080609426 -0.001449321 0.107004993 0.990984321
18.866667 -0.005890676 0.131695434 -0.456935287 -0.070737496 0.004043423 0.109961651 0.991407216
18.933333 -0.006626337 0.131163657 -0.461871564 -0.076703377 0.009021170 0.113839120 0.990492761
19.000000 -0.008474307 0.130677208 -0.466718704 -0.084368415 0.018811768 0.116248429 0.989451587
19.066667 -0.008519612 0.129894271 -0.472761512 -0.097133562 0.025046276 0.124753587 0.987103999
19.133333 -0.010709302 0.129972547 -0.478869379 -0.105986774 0.037700675 0.139701888 0.983782947
19.200000 -0.012570312 0.127128720 -0.485098243 -0.121967100 0.048446245 0.150309294 0.979889870
19.266667 -0.012874145 0.126474142 -0.490148515 -0.129015952 0.051000863 0.153774291 0.978318572
19.333333 -0.013575277 0.125556603 -0.493120909 -0.134837165 0.052991461 0.154008776 0.977390528
19.400000 -0.012580642 0.127384245 -0.497325182 -0.133631080 0.048710816 0.156559914 0.977373540
19.466667 -0.012336481 0.126397356 -0.498854011 -0.139649332 0.048118968 0.157607928 0.976392567
19.533333 -0.012207790 0.127490252 -0.502994478 -0.139413103 0.046173558 0.157104328 0.976601422
19.600000 -0.011736237 0.126722157 -0.505518675 -0.145339072 0.042232346 0.154457346 0.976338029
19.666667 -0.011637046 0.125582948 -0.506996572 -0.150684416 0.040428359 0.151831686 0.976015806
19.733333 -0.012334170 0.125674069 -0.507164717 -0.149865210 0.041007631 0.149797872 0.976431966
19.800000 -0.012735440 0.124823436 -0.507138073 -0.154023513 0.038430329 0.144012958 0.976760030
19.866667 -0.012706562 0.124757193 -0.507209957 -0.154588476 0.037667349 0.144378662 0.976646543
19.933333 -0.012937106 0.124739386 -0.507412493 -0.155137435 0.036585659 0.142412350 0.976889253
20.000000 -0.013458813 0.124403678 -0.507916629 -0.156638414 0.036133092 0.141278863 0.976831198
20.066667 -0.013188725 0.123782054 -0.508101702 -0.159388855 0.034793500 0.143034324 0.976179183
20.133333 -0.014248439 0.123343423 -0.509610176 -0.161924765 0.033887375 0.142179191 0.975918651
20.200000 -0.013701758 0.124161631 -0.513602257 -0.162455961 0.026167793 0.144625336 0.975708365
20.266667 -0.013575364 0.123084448 -0.515773475 -0.167777956 0.023626424 0.144897714 0.974831820
20.333333 -0.012105493 0.122176796 -0.519265234 -0.172348127 0.018870113 0.147927478 0.973682463
20.400000 -0.011176934 0.123408571 -0.523440659 -0.169376507 0.013549612 0.146080360 0.974570990
20.466667 -0.008715063 0.126243532 -0.530764282 -0.158322558 0.002250906 0.143489867 0.976903081
20.533333 -0.007033590 0.134082139 -0.543107033 -0.127908915 -0.005873020 0.142503530 0.981477261
20.600000 -0.005805550 0.137513041 -0.551253021 -0.117368571 -0.009217246 0.143064275 0.982686281
20.666667 -0.004597196 0.141891927 -0.556568623 -0.104482673 -0.014632624 0.142722592 0.984123766
20.733333 -0.004463358 0.146780610 -0.561926961 -0.093786933 -0.016032517 0.143283978 0.985097349
20.800000 -0.006381451 0.158195123 -0.573101342 -0.052107714 -0.013896216 0.147768423 0.987550616
20.866667 -0.007506722 0.168713704 -0.579652011 -0.018733187 -0.015392095 0.155989349 0.987461150
20.933333 -0.007475527 0.170069560 -0.582026899 -0.017315740 -0.016495695 0.158892140 0.987006247
21.000000 -0.006846509 0.170292571 -0.582712770 -0.017725162 -0.019515904 0.162306979 0.986388028
21.066667 -0.006917182 0.170298889 -0.582993269 -0.018335551 -0.019293375 0.162699610 0.986316621
21.133333 -0.006405168 0.170017779 -0.583394468 -0.020588733 -0.021236451 0.162063941 0.986336887
21.200000 -0.005504044 0.170237899 -0.584795356 -0.022326661 -0.024754692 0.161334410 0.986336648
21.266667 -0.004753355 0.170027032 -0.585573256 -0.025904495 -0.027761292 0.160186052 0.986356318
21.333333 -0.003854791 0.170230418 -0.587768614 -0.029145177 -0.031231338 0.161292657 0.985981703
21.400000 -0.003443220 0.170303524 -0.591531932 -0.033974353 -0.032379542 0.167325020 0.984784067
21.466667 -0.002374962 0.170059502 -0.594071984 -0.038683623 -0.036225408 0.168214783 0.984324753
21.533333 -0.000541962 0.169452921 -0.597699821 -0.047721568 -0.042281386 0.168660060 0.983610034
21.600000 0.001733372 0.170446604 -0.603577852 -0.050576210 -0.050556306 0.175521374 0.981874943
21.666667 0.002870353 0.166764781 -0.610459805 -0.070891693 -0.051260240 0.182141423 0.979372919
21.733333 0.002571817 0.165845647 -0.619215608 -0.080061093 -0.048142340 0.191214383 0.977092445
21.800000 -0.000608034 0.168857858 -0.633629024 -0.069580950 -0.035517219 0.204289645 0.975788295
21.866667 -0.003474220 0.172767863 -0.645395696 -0.053860623 -0.025346687 0.216975152 0.974360526
21.933333 -0.007202641 0.171449482 -0.654199302 -0.054480158 -0.010321666 0.231704012 0.971204758
22.000000 -0.010951554 0.172066644 -0.661285102 -0.046108752 0.004326443 0.242993742 0.968921781
22.066667 -0.011968896 0.172740117 -0.662395597 -0.042387873 0.007741149 0.244874805 0.968596756
22.133333 -0.011934992 0.173506215 -0.664241374 -0.039237972 0.006158992 0.245425597 0.968601465
22.200000 -0.012671807 0.172246888 -0.664215207 -0.044169888 0.010410075 0.245173216 0.968416631
22.266667 -0.012725596 0.172048792 -0.664315701 -0.044979334 0.010276121 0.246457174 0.968054891
22.333333 -0.012736789 0.171673432 -0.664417386 -0.046500642 0.010722166 0.247098655 0.967814505
22.400000 -0.013069542 0.172842249 -0.664752901 -0.041574594 0.010591093 0.247318983 0.967983902
22.466667 -0.013339245 0.173589140 -0.666433930 -0.037141934 0.009699040 0.251834005 0.967008829
22.533333 -0.013142639 0.173956707 -0.667517424 -0.035597909 0.007834965 0.254062802 0.966500640
22.600000 -0.014966911 0.172561258 -0.674734414 -0.037409920 0.011891727 0.252732545 0.966739535
22.666667 -0.018495567 0.172623873 -0.675920904 -0.033619992 0.025317978 0.251224667 0.967013478
22.733333 -0.029421458 0.167658344 -0.673748910 -0.041660625 0.069515407 0.251300007 0.964510441
22.800000 -0.035528675 0.167563900 -0.675541699 -0.033063609 0.095673107 0.245266572 0.964156508
22.866667 -0.035528641 0.167563885 -0.675541699 -0.033063609 0.095673099 0.245266557 0.964156508
22.866667 -0.035528641 0.167563885 -0.675541699 -0.033063609 0.095673099 0.245266557 0.964156508
22.866667 -0.035528641 0.167563885 -0.675541699 -0.033063609 0.095673099 0.245266557 0.964156508
22.866667 -0.035528641 0.167563885 -0.675541699 -0.033063609 0.095673099 0.245266557 0.964156508
22.866667 -0.035528641 0.167563885 -0.675541699 -0.033063609 0.095673099 0.245266557 0.964156508
22.866667 -0.035528641 0.167563885 -0.675541699 -0.033063609 0.095673099 0.245266557 0.964156508
22.866667 -0.035528641 0.167563885 -0.675541699 -0.033063609 0.095673099 0.245266557 0.964156508
22.866667 -0.035528641 0.167563885 -0.675541699 -0.033063609 0.095673099 0.245266557 0.964156508
22.866667 -0.035528641 0.167563885 -0.675541699 -0.033063609 0.095673099 0.245266557 0.964156508
22.866667 -0.035528641 0.167563885 -0.675541699 -0.033063609 0.095673099 0.245266557 0.964156508
22.866667 -0.035528641 0.167563885 -0.675541699 -0.033063609 0.095673099 0.245266557 0.964156508
22.866667 -0.035528641 0.167563885 -0.675541699 -0.033063609 0.095673099 0.245266557 0.964156508
22.866667 -0.035528641 0.167563885 -0.675541699 -0.033063609 0.095673099 0.245266557 0.964156508
22.866667 -0.035528641 0.167563885 -0.675541699 -0.033063609 0.095673099 0.245266557 0.964156508
22.866667 -0.035528641 0.167563885 -0.675541699 -0.033063609 0.095673099 0.245266557 0.964156508
22.866667 -0.035528641 0.167563885 -0.675541699 -0.033063609 0.095673099 0.245266557 0.964156508
22.866667 -0.035528641 0.167563885 -0.675541699 -0.033063609 0.095673099 0.245266557 0.964156508
22.866667 -0.035528641 0.167563885 -0.675541699 -0.033063609 0.095673099 0.245266557 0.964156508
22.866667 -0.035528641 0.167563885 -0.675541699 -0.033063609 0.095673099 0.245266557 0.964156508
22.866667 -0.035528641 0.167563885 -0.675541699 -0.033063609 0.095673099 0.245266557 0.964156508
22.866667 -0.035528641 0.167563885 -0.675541699 -0.033063609 0.095673099 0.245266557 0.964156508
22.866667 -0.035528641 0.167563885 -0.675541699 -0.033063609 0.095673099 0.245266557 0.964156508
22.866667 -0.035528641 0.167563885 -0.675541699 -0.033063609 0.095673099 0.245266557 0.964156508
22.866667 -0.035528641 0.167563885 -0.675541699 -0.033063609 0.095673099 0.245266557 0.964156508
22.866667 -0.035528641 0.167563885 -0.675541699 -0.033063609 0.095673099 0.245266557 0.964156508
22.866667 -0.035528641 0.167563885 -0.675541699 -0.033063609 0.095673099 0.245266557 0.964156508
22.866667 -0.035528641 0.167563885 -0.675541699 -0.033063609 0.095673099 0.245266557 0.964156508
22.866667 -0.035528641 0.167563885 -0.675541699 -0.033063609 0.095673099 0.245266557 0.964156508
22.866667 -0.035528641 0.167563885 -0.675541699 -0.033063609 0.095673099 0.245266557 0.964156508
22.866667 -0.035528641 0.167563885 -0.675541699 -0.033063609 0.095673099 0.245266557 0.964156508
22.866667 -0.035528641 0.167563885 -0.675541699 -0.033063609 0.095673099 0.245266557 0.964156508
22.866667 -0.035528641 0.167563885 -0.675541699 -0.033063609 0.095673099 0.245266557 0.964156508
22.866667 -0.035528641 0.167563885 -0.675541699 -0.033063609 0.095673099 0.245266557 0.964156508
22.866667 -0.035528641 0.167563885 -0.675541699 -0.033063609 0.095673099 0.245266557 0.964156508
22.866667 -0.035528641 0.167563885 -0.675541699 -0.033063609 0.095673099 0.245266557 0.964156508
22.866667 -0.035528641 0.167563885 -0.675541699 -0.033063609 0.095673099 0.245266557 0.964156508
22.866667 -0.035528641 0.167563885 -0.675541699 -0.033063609 0.095673099 0.245266557 0.964156508
22.866667 -0.035528641 0.167563885 -0.675541699 -0.033063609 0.095673099 0.245266557 0.964156508
22.866667 -0.035528641 0.167563885 -0.675541699 -0.033063609 0.095673099 0.245266557 0.964156508
22.866667 -0.035528641 0.167563885 -0.675541699 -0.033063609 0.095673099 0.245266557 0.964156508
22.866667 -0.035528641 0.167563885 -0.675541699 -0.033063609 0.095673099 0.245266557 0.964156508
22.866667 -0.035528641 0.167563885 -0.675541699 -0.033063609 0.095673099 0.245266557 0.964156508
22.866667 -0.035528641 0.167563885 -0.675541699 -0.033063609 0.095673099 0.245266557 0.964156508
22.866667 -0.035528641 0.167563885 -0.675541699 -0.033063609 0.095673099 0.245266557 0.964156508
22.866667 -0.035528641 0.167563885 -0.675541699 -0.033063609 0.095673099 0.245266557 0.964156508
22.866667 -0.035528641 0.167563885 -0.675541699 -0.033063609 0.095673099 0.245266557 0.964156508
26.000000 0.000000000 0.000000000 0.000000000 -0.000000000 -0.000000000 -0.000000000 1.000000000
26.066667 0.000112236 -0.000368726 0.000077122 -0.002304323 0.000873694 -0.002707041 0.999993324
26.133333 0.000044037 -0.000096271 -0.000033181 -0.001350856 0.001523952 -0.002897260 0.999993742
26.200000 -0.000586501 -0.023284178 0.001003595 -0.087206371 0.007787534 0.003715744 0.996152937
26.266667 -0.001263182 -0.023993095 -0.001325503 -0.085576922 0.011211988 0.002482790 0.996265411
26.333333 -0.000909104 -0.023069756 -0.001147036 -0.082539380 0.010483970 0.004610280 0.996522069
26.400000 -0.002206152 -0.024643173 -0.001428093 -0.088419870 0.014523224 0.002234254 0.995974898
26.466667 -0.001587226 -0.024681972 -0.002080892 -0.088206023 0.011221061 0.002486908 0.996035993
26.533333 -0.001653405 -0.024836265 -0.002169501 -0.088608615 0.011280206 0.002446430 0.995999694
26.600000 -0.001391986 -0.024285784 -0.002662987 -0.086656101 0.010064523 0.002488630 0.996184409
26.666667 -0.002193355 -0.025393939 -0.003877173 -0.089878358 0.011197266 0.003591252 0.995883346
26.733333 -0.001587296 -0.025246244 -0.003609343 -0.089011863 0.010225712 0.003963856 0.995970249
26.800000 -0.003892394 -0.023010276 -0.006894130 -0.075601116 0.014987972 0.002383347 0.997022629
26.866667 -0.004073454 -0.023959916 -0.006902154 -0.079179034 0.015383358 0.003090292 0.996736944
26.933333 -0.003868614 -0.023196066 -0.010549162 -0.067636155 0.012366978 0.005123265 0.997620285
27.000000 -0.006739722 -0.030490242 -0.012823983 -0.084453583 0.022216640 0.008014713 0.996147454
27.066667 -0.010292090 -0.043618035 -0.013137540 -0.114529125 0.034132972 0.010695982 0.992775738
27.133333 -0.011943202 -0.058707841 -0.013074309 -0.149421155 0.047769245 0.023750734 0.987333477
27.200000 -0.008690497 -0.063576534 -0.014419650 -0.153363466 0.052043252 0.032663897 0.986257732
27.266667 -0.007096551 -0.063297912 -0.015405074 -0.147307038 0.056766897 0.037993882 0.986729264
27.333333 -0.015459655 -0.054432075 -0.018709095 -0.115748495 0.079486221 0.022131158 0.989845693
27.400000 -0.016261378 -0.052054059 -0.017922841 -0.112479821 0.079390451 0.018453335 0.990305483
27.466667 -0.015647803 -0.052234083 -0.017609581 -0.113379642 0.081093416 0.017968837 0.990073800
27.533333 -0.015489504 -0.052366327 -0.017468113 -0.113715000 0.082808435 0.019334491 0.989867628
27.600000 -0.014989190 -0.051831774 -0.015926924 -0.113723584 0.087259382 0.019475063 0.989481449
27.666667 -0.016150113 -0.051879417 -0.015870066 -0.113741420 0.090577431 0.019797085 0.989174783
27.733333 -0.013247622 -0.050212521 -0.014646073 -0.113008276 0.083955087 0.024034336 0.989749014
