0.000000 0.000000000 0.000000000 0.000000000 -0.000000000 -0.000000000 -0.000000000 1.000000000
0.066667 -0.000320662 -0.000751564 0.000569177 -0.001921548 -0.000884265 0.002468093 0.999994755
0.133333 -0.006937427 0.003197247 -0.000151909 0.008730152 0.013380288 0.006894379 0.999848604
0.200000 -0.004854643 0.004324567 0.002498892 0.008030182 0.007997698 0.002652731 0.999932289
0.266667 -0.003026626 0.001436094 0.005188864 -0.002651989 0.003861644 -0.001530080 0.999987900
0.333333 -0.001659889 0.000080140 0.008389363 -0.008197325 -0.001187055 -0.001066747 0.999965131
0.400000 -0.000668950 -0.001397093 0.013242968 -0.012085943 -0.009995809 0.001266195 0.999876201
0.466667 -0.000975454 -0.000621313 0.019247340 -0.006435732 -0.018117333 0.001990713 0.999813199
0.533333 0.002530169 0.001244183 0.025513796 0.002634093 -0.037278004 -0.000199245 0.999301493
0.600000 0.001982729 -0.000309206 0.024335213 0.002453960 -0.041066565 0.001161413 0.999152720
0.666667 0.002546187 0.001189401 0.023242628 0.016500918 -0.044589229 0.003705223 0.998862267
0.733333 0.002918920 -0.000329134 0.020007838 0.017585745 -0.043609258 0.009437798 0.998849332
0.800000 0.002937761 -0.000434992 0.017727528 0.022926474 -0.037818611 0.013485728 0.998930573
0.866667 0.003116439 0.000912671 0.016758272 0.031736832 -0.040142003 0.018069332 0.998526394
0.933333 0.003184683 0.001078997 0.017954195 0.035335936 -0.038227357 0.020297881 0.998437822
1.000000 0.004313511 0.000135135 0.020322505 0.029899651 -0.038364664 0.021540424 0.998584092
1.066667 0.005464279 -0.000510198 0.022843575 0.028319139 -0.041520782 0.021095695 0.998513401
1.133333 0.006188145 0.000192171 0.025819737 0.034534991 -0.044479437 0.022700770 0.998155117
1.200000 0.007257648 0.000702816 0.030413629 0.040377278 -0.051761508 0.023647638 0.997562647
1.266667 0.007157142 0.002286096 0.035332471 0.050386686 -0.055716578 0.026484841 0.996822655
1.333333 0.005247088 -0.000639003 0.039831772 0.042734027 -0.051531345 0.025746442 0.997424424
1.400000 0.003521738 -0.000564897 0.042612188 0.043481264 -0.046103608 0.028984508 0.997568905
1.466667 0.003593072 -0.001222692 0.045110699 0.037435934 -0.043317661 0.029231807 0.997931659
1.533333 0.003376032 -0.001299029 0.045343667 0.036036305 -0.042622101 0.028446751 0.998035848
1.600000 0.002257830 -0.001797303 0.046258725 0.029843226 -0.036781661 0.026956495 0.998513818
1.666667 0.002101508 -0.002859192 0.046075746 0.019285653 -0.035911869 0.026592579 0.998814940
1.733333 0.000724840 -0.003672966 0.046767592 0.009020314 -0.033351652 0.022881463 0.999141037
1.800000 -0.000309098 -0.003126785 0.047455765 0.000134990 -0.033721145 0.021879403 0.999191761
1.866667 0.001547847 -0.002315725 0.050989166 -0.005231805 -0.042995218 0.024558291 0.998759687
1.933333 0.001547895 -0.003302723 0.053200003 -0.008574751 -0.044217184 0.026771083 0.998626351
2.000000 0.000918636 -0.003945904 0.053848002 -0.011116882 -0.045050655 0.024151068 0.998630881
2.066667 -0.000779447 -0.003867489 0.054509409 -0.013064534 -0.039597567 0.020894710 0.998911798
2.133333 -0.000875894 -0.002877058 0.054297134 -0.010879566 -0.039882854 0.018603489 0.998971939
2.200000 -0.002625501 -0.003708647 0.055660401 -0.018703919 -0.034356799 0.015401551 0.999115884
2.266667 -0.002033677 -0.002620240 0.057699434 -0.016895296 -0.036420863 0.016381221 0.999059439
2.333333 -0.004097568 -0.000687191 0.060225997 -0.011079934 -0.029332642 0.018111648 0.999344230
2.400000 -0.005543742 0.005226824 0.063488699 0.009726069 -0.028560895 0.015930384 0.999417782
2.466667 -0.006322996 0.006627059 0.065578304 0.014442124 -0.026755247 0.015843010 0.999412119
2.533333 -0.007197604 0.004917387 0.066745289 0.006143383 -0.022208380 0.016947672 0.999590814
2.600000 -0.007526930 0.004692682 0.069219276 0.002532816 -0.016882258 0.022683645 0.999596953
2.666667 -0.008112768 0.004746989 0.069682740 -0.001635153 -0.013941847 0.022351183 0.999651670
2.733333 -0.009121177 0.003905389 0.070622765 -0.006247468 -0.009733004 0.021219948 0.999707997
2.800000 -0.009591395 0.004296759 0.070859283 -0.008152669 -0.008858261 0.017320042 0.999777555
2.866667 -0.011806698 0.004797858 0.071740739 -0.009716585 -0.001791390 0.014509368 0.999845922
2.933333 -0.013078014 0.004851504 0.072201326 -0.013743546 0.000645355 0.010621157 0.999848962
3.000000 -0.014165797 0.005331862 0.073993221 -0.018563310 0.001045426 0.013648192 0.999733984
3.066667 -0.015604462 0.006059742 0.075043470 -0.020784952 0.004435733 0.009598731 0.999728084
3.133333 -0.016095400 0.006742977 0.075830549 -0.022202747 0.005680370 0.006967532 0.999713123
3.200000 -0.015405724 0.008117789 0.077199332 -0.019726159 0.004127103 0.010735949 0.999739289
3.266667 -0.014295574 0.008333014 0.078061230 -0.020083101 0.000397085 0.013706477 0.999704301
3.333333 -0.012853057 0.008737965 0.079093404 -0.019036841 -0.003737426 0.013414619 0.999721825
3.400000 -0.012954156 0.010604614 0.081861481 -0.011407059 -0.002775378 0.014879129 0.999820411
3.466667 -0.012591390 0.013371523 0.082928777 -0.003278808 -0.006405226 0.016832536 0.999832451
3.533333 -0.011565007 0.018909790 0.085604504 0.017400995 -0.013298920 0.017184272 0.999612451
3.600000 -0.011671403 0.022320012 0.087252222 0.029331435 -0.014965531 0.020931141 0.999238491
3.666667 -0.010943937 0.025374549 0.088312894 0.041739378 -0.018280134 0.023803473 0.998677671
3.733333 -0.009864771 0.027973669 0.088708840 0.052837584 -0.021765774 0.025216855 0.998047411
3.800000 -0.009583880 0.029690880 0.089115910 0.057295177 -0.022698771 0.025311802 0.997778237
3.866667 -0.008885436 0.032087736 0.089561164 0.067772947 -0.025615966 0.029785113 0.996927023
3.933333 -0.008179460 0.034398757 0.089850031 0.073740505 -0.027368274 0.026798585 0.996541619
4.000000 -0.007619025 0.036866549 0.090821162 0.084446073 -0.030181704 0.028290687 0.995568991
4.066667 -0.008594795 0.041028935 0.091592975 0.102220334 -0.031120246 0.027407475 0.993897080
4.133333 -0.008749297 0.046622794 0.092308857 0.123319648 -0.034596834 0.022921113 0.991498888
4.200000 -0.008969594 0.049832135 0.092652224 0.131674230 -0.037733749 0.018876802 0.990394771
4.266667 -0.010072102 0.054022133 0.094862148 0.148484930 -0.036394365 0.016940728 0.988099575
4.333333 -0.010095051 0.057137746 0.095425136 0.158172548 -0.039555240 0.015404307 0.986498654
4.400000 -0.009736753 0.060324721 0.095545776 0.164307490 -0.042055570 0.012574053 0.985432029
4.466667 -0.009509002 0.063612081 0.097334743 0.175550833 -0.043450102 0.013829317 0.983413875
4.533333 -0.008493572 0.065191373 0.098426573 0.183798909 -0.047378283 0.017012820 0.981674016
4.600000 -0.006996089 0.067622788 0.100052960 0.197136313 -0.053053971 0.018915946 0.978756785
4.666667 -0.006443716 0.069670670 0.100096740 0.202737674 -0.056218293 0.017190611 0.977466822
4.733333 -0.006307672 0.072185755 0.101280794 0.210978836 -0.058270093 0.014332362 0.975647032
4.800000 -0.011020562 0.078735523 0.102525108 0.234811455 -0.048545144 -0.000681603 0.970827758
4.866667 -0.013957364 0.083075076 0.103952244 0.254477412 -0.045210116 -0.007648942 0.965991080
4.933333 -0.015275924 0.086478062 0.105198920 0.272214621 -0.043660108 -0.010200620 0.961191416
5.000000 -0.015497623 0.088818848 0.107941613 0.292288512 -0.043406360 -0.023703942 0.955050528
5.066667 -0.016893627 0.093215957 0.108710043 0.311324984 -0.038526911 -0.027476611 0.949124575
5.133333 -0.017312134 0.094664387 0.109543629 0.326178074 -0.038266867 -0.030347338 0.944045842
5.200000 -0.012493284 0.097286627 0.113281511 0.349434853 -0.049888924 -0.034542028 0.934993684
5.266667 -0.009500973 0.098574772 0.116739668 0.370264173 -0.057807479 -0.032342579 0.926561832
5.333333 -0.006782561 0.101400845 0.119794734 0.386336714 -0.056696709 -0.029421156 0.920143366
5.400000 -0.000757051 0.102334157 0.122277282 0.396560699 -0.061642390 -0.027481902 0.915524185
5.466667 0.000127250 0.104898728 0.124567561 0.404312432 -0.058243681 -0.037416570 0.911997318
5.533333 0.000918972 0.105412498 0.126930863 0.410013258 -0.057619225 -0.034405395 0.909607291
5.600000 -0.001773274 0.106766470 0.132546216 0.430087954 -0.049317118 -0.033779394 0.900805831
5.666667 -0.003200797 0.107566833 0.136202380 0.446484536 -0.045501687 -0.024980867 0.893284500
5.733333 -0.004487963 0.109209254 0.139705792 0.463159323 -0.041277487 -0.020894261 0.885066688
5.800000 -0.006763023 0.111810744 0.143900961 0.487357080 -0.035744354 -0.023486068 0.872154713
5.866667 -0.007361882 0.115810752 0.147825703 0.510550857 -0.034654129 -0.020377956 0.858907223
5.933333 -0.007570437 0.118510358 0.151062101 0.526979983 -0.032420319 -0.015631661 0.849115252
6.000000 -0.008615215 0.118576698 0.151782110 0.529072821 -0.030065611 -0.015043868 0.847910225
6.066667 -0.009089150 0.117854171 0.152908087 0.532167137 -0.030186189 -0.012689533 0.846005917
6.133333 -0.009117486 0.116828829 0.153438061 0.536617339 -0.028878503 -0.005400870 0.843314111
6.200000 -0.010408536 0.115715533 0.155939788 0.544336796 -0.022783523 0.000076378 0.838557303
6.266667 -0.011030138 0.115503818 0.156613067 0.546995282 -0.020847529 0.000600312 0.836875856
6.333333 -0.011243505 0.115507692 0.156652316 0.547438145 -0.020726455 0.001551458 0.836588025
6.400000 -0.011872591 0.115212642 0.157233164 0.547765970 -0.017877599 0.003593002 0.836432874
6.466667 -0.012043678 0.115045160 0.157495663 0.548213422 -0.016948160 0.003572518 0.836159110
6.533333 -0.012240072 0.114385039 0.157043755 0.547686636 -0.016598497 0.004696484 0.836505771
6.600000 -0.010678368 0.113542370 0.158700451 0.552350879 -0.022098241 0.011957690 0.833232999
6.666667 -0.008183399 0.113343090 0.160949364 0.557983041 -0.029321592 0.022671819 0.829024315
6.733333 -0.008821355 0.113787591 0.162807733 0.562329769 -0.024961125 0.026856814 0.826099813
6.800000 -0.009457913 0.113271147 0.164488047 0.565482497 -0.021626862 0.026346173 0.824055612
6.866667 -0.009401916 0.113511264 0.164422676 0.565103889 -0.021678053 0.025791980 0.824331582
6.933333 -0.009292306 0.113435842 0.164336368 0.565003753 -0.022060672 0.026001588 0.824383438
7.000000 -0.009768398 0.113613710 0.163991988 0.564760923 -0.021671951 0.026849184 0.824532926
7.066667 -0.010910401 0.113728367 0.163358286 0.562822402 -0.019278681 0.029450530 0.825828075
7.133333 -0.010709955 0.113702640 0.163385808 0.562754214 -0.019753907 0.029432990 0.825863898
7.200000 -0.010809490 0.113632225 0.163776547 0.563628256 -0.019488346 0.029370919 0.825276136
7.266667 -0.011211135 0.114272624 0.164826736 0.565740466 -0.020874191 0.030898491 0.823739827
7.333333 -0.011409057 0.114519060 0.164722905 0.565691292 -0.020296924 0.031334553 0.823771536
7.400000 -0.011506314 0.114476442 0.165282473 0.569225490 -0.019705944 0.032267347 0.821311653
7.466667 -0.011766157 0.115020350 0.164849579 0.568539619 -0.018481305 0.031477563 0.821845651
7.533333 -0.011363775 0.114227757 0.165480807 0.569514990 -0.019545544 0.031639345 0.821139216
7.600000 -0.011112509 0.113799259 0.167341143 0.573231041 -0.017795309 0.029384427 0.818673372
7.666667 -0.010727907 0.113609195 0.167401969 0.572925448 -0.019672297 0.029293623 0.818847537
7.733333 -0.010368511 0.113419071 0.166539744 0.570012450 -0.019096022 0.027191877 0.820963919
7.800000 -0.011191219 0.112416729 0.167372331 0.569786131 -0.016007651 0.027238702 0.821185470
7.866667 -0.010481219 0.111842319 0.167060196 0.567909896 -0.017712554 0.026265889 0.822480857
7.933333 -0.010380471 0.111909196 0.167324096 0.568103969 -0.018381188 0.025984371 0.822341144
8.000000 -0.010789957 0.112827554 0.167947337 0.572323143 -0.017084008 0.024122180 0.819495261
8.066667 -0.010874049 0.113705263 0.168122560 0.574177444 -0.016629666 0.023002923 0.818238735
8.133333 -0.010690067 0.113235578 0.167840600 0.574630916 -0.015794445 0.022794889 0.817942679
8.200000 -0.011201994 0.113318235 0.167750180 0.576466322 -0.013650978 0.023332749 0.816673696
8.266667 -0.011258257 0.113106355 0.167688102 0.576553702 -0.013609734 0.023654960 0.816603363
8.333333 -0.011240264 0.112903669 0.167505234 0.576435745 -0.013356680 0.023164509 0.816704929
8.400000 -0.011363821 0.112675369 0.167370692 0.577635944 -0.010338014 0.022089746 0.815930068
8.466667 -0.011410597 0.112581059 0.167505354 0.578093112 -0.009624875 0.021335902 0.815635085
8.533333 -0.011242760 0.112548426 0.167352915 0.577793896 -0.011588301 0.021959808 0.815804899
8.600000 -0.011470890 0.112339258 0.167898804 0.577609301 -0.012003426 0.022380549 0.815918207
8.666667 -0.011528449 0.115362942 0.169745550 0.578859568 -0.013161987 0.019809358 0.815080345
8.733333 -0.011535591 0.118307516 0.171361744 0.579647779 -0.015032567 0.022146495 0.814427435
8.800000 -0.013107199 0.121524706 0.174701080 0.585194588 -0.012114314 0.023286145 0.810467958
8.866667 -0.015883911 0.125831500 0.176696703 0.586229026 -0.007093931 0.026548078 0.809679210
8.933333 -0.017304093 0.128231004 0.179645181 0.585683405 -0.005189898 0.026898338 0.810076833
9.000000 -0.018171521 0.128458992 0.180258214 0.579357862 -0.005087464 0.030264927 0.814495325
9.066667 -0.018879943 0.128265187 0.181678891 0.577631056 -0.003564219 0.031180719 0.815694511
9.133333 -0.019648494 0.128080070 0.183978945 0.577617824 -0.001721387 0.029235190 0.815781891
9.200000 -0.019699695 0.127278551 0.187586904 0.577568650 0.002143201 0.025882689 0.815928876
9.266667 -0.020132693 0.127831563 0.190992922 0.582987547 0.005797580 0.022111624 0.812159479
9.333333 -0.020981446 0.128080606 0.192957774 0.586304426 0.009065476 0.023284720 0.809705436
9.400000 -0.019677868 0.126980752 0.195019588 0.586723864 0.007416037 0.020318842 0.809498131
9.466667 -0.018496133 0.124866322 0.194994733 0.578602731 0.002640148 0.020291479 0.815352857
9.533333 -0.017865753 0.122962669 0.197884351 0.575648725 0.000950617 0.017590029 0.817507327
9.600000 -0.016459055 0.118352041 0.201103255 0.566665530 -0.006198222 0.014342378 0.823799789
9.666667 -0.015213476 0.114783287 0.202619359 0.559399188 -0.011335914 0.009027289 0.828771710
9.733333 -0.013120869 0.110663727 0.202157035 0.544504404 -0.021003813 0.002536396 0.838491142
9.800000 -0.011742365 0.106775522 0.202191278 0.528762996 -0.027987089 -0.002027591 0.848305583
9.866667 -0.009706347 0.102599181 0.199979931 0.506282389 -0.039222531 -0.007862566 0.861439466
9.933333 -0.008526531 0.102075569 0.198476166 0.498018891 -0.045119740 -0.009689907 0.865937412
10.000000 -0.007785598 0.102406919 0.198908240 0.500942945 -0.047409095 -0.010889445 0.864112198
10.066667 -0.007708640 0.100761503 0.199355125 0.503378034 -0.046118874 -0.011408174 0.862759233
10.133333 -0.007855584 0.099612683 0.198464587 0.505785346 -0.045389831 -0.009986323 0.861406565
10.200000 -0.007785379 0.095406339 0.197024405 0.498016953 -0.048384480 -0.006475405 0.865792215
10.266667 -0.006868617 0.091898084 0.196858719 0.493651271 -0.051350374 -0.008033852 0.868105412
10.333333 -0.005358218 0.087268710 0.196214691 0.482854903 -0.054635435 -0.015778637 0.873851895
10.400000 -0.003697129 0.084194653 0.196565196 0.477904499 -0.057968598 -0.023931595 0.876170218
10.466667 -0.001265338 0.083413646 0.196692556 0.482663065 -0.065329880 -0.030986810 0.872816265
10.533333 -0.000848019 0.080353439 0.195071995 0.478769779 -0.066413254 -0.031730007 0.874849677
10.600000 -0.001199872 0.077191487 0.195239007 0.480657011 -0.063775964 -0.031957962 0.874002397
10.666667 -0.001172049 0.076347955 0.194890097 0.485833913 -0.063397653 -0.032301307 0.871150255
10.733333 -0.001716807 0.073999725 0.193934768 0.485336989 -0.058345374 -0.029516332 0.871878803
10.800000 -0.001793793 0.068866678 0.192904636 0.477467805 -0.054594673 -0.031293388 0.876392961
10.866667 -0.001511812 0.063610837 0.191813469 0.465664446 -0.053939618 -0.036615930 0.882556736
10.933333 -0.001647334 0.057594553 0.191390157 0.448639959 -0.054708753 -0.041930258 0.891050518
11.000000 -0.001244701 0.050536640 0.190047234 0.425349265 -0.056822646 -0.050056096 0.901855648
11.066667 -0.001156497 0.046361942 0.188045830 0.411432385 -0.058075145 -0.053323500 0.908023834
11.133333 -0.001887122 0.045837674 0.188620433 0.413671821 -0.055742819 -0.051111933 0.907279432
11.200000 -0.002426417 0.045505438 0.188143075 0.413141280 -0.054589935 -0.049087048 0.907702982
11.266667 -0.002559158 0.045541197 0.187952161 0.413589299 -0.054912206 -0.047549605 0.907561362
11.333333 -0.002784265 0.045164395 0.188180029 0.415607393 -0.054514468 -0.046385221 0.906723261
11.400000 -0.003919370 0.043835133 0.188625604 0.417130709 -0.049453571 -0.045754761 0.906345844
11.466667 -0.004705737 0.042761508 0.188956410 0.417593032 -0.046793081 -0.044418566 0.906340718
11.533333 -0.004838497 0.042270590 0.188285887 0.417764843 -0.045944199 -0.044278514 0.906311810
11.600000 -0.004875203 0.038886160 0.187050119 0.406826943 -0.045803808 -0.047237992 0.911132514
11.666667 -0.005358721 0.035031226 0.186663240 0.396047831 -0.045095295 -0.048395801 0.915844083
11.733333 -0.005980001 0.031775475 0.185475707 0.384077847 -0.043125939 -0.050628964 0.920902312
11.800000 -0.007010067 0.025121167 0.185314849 0.360531300 -0.044497557 -0.049807854 0.930352807
11.866667 -0.008540602 0.019624198 0.184704378 0.340633839 -0.042733263 -0.051414568 0.937816083
11.933333 -0.009241980 0.017881235 0.184243605 0.336835384 -0.039419007 -0.051777344 0.939312100
12.000000 -0.009165809 0.015093084 0.183904156 0.331065565 -0.040691782 -0.051074732 0.941345394
12.066667 -0.009233665 0.011688828 0.183510050 0.322428793 -0.041578166 -0.050758932 0.944316924
12.133333 -0.009385907 0.010732315 0.182878077 0.319348812 -0.041565817 -0.049433354 0.945433795
12.200000 -0.009894373 0.007056337 0.183074445 0.310790807 -0.040730365 -0.048434775 0.948369205
12.266667 -0.010460462 0.003387688 0.182381853 0.300391495 -0.039978582 -0.046253372 0.951854646
12.333333 -0.010443285 0.003171686 0.182350963 0.300456554 -0.040251136 -0.045610428 0.951853633
12.400000 -0.010188607 -0.001134213 0.181786910 0.291208476 -0.042892929 -0.043896403 0.954688907
12.466667 -0.010726834 -0.002156749 0.182063773 0.291190088 -0.041587494 -0.041580603 0.954855919
12.533333 -0.010956560 -0.004757232 0.182535470 0.286281228 -0.041318588 -0.041524328 0.956353307
12.600000 -0.010928215 -0.010225633 0.183654115 0.273674220 -0.045146469 -0.038798861 0.959978640
12.666667 -0.011530010 -0.015719512 0.184798330 0.261304736 -0.044488359 -0.039849006 0.963406801
12.733333 -0.007816899 -0.028789496 0.181601152 0.219628990 -0.066246271 -0.045902368 0.972248673
