0.000000 0.000000000 0.000000000 0.000000000 -0.000000000 -0.000000000 -0.000000000 1.000000000
0.066667 0.000050612 -0.000180192 -0.000710225 -0.001099397 -0.000127947 -0.000959765 0.999998927
0.133333 -0.000647728 0.000540599 -0.002793676 -0.000567972 0.002937099 -0.000197898 0.999995530
0.200000 -0.000533389 0.000391588 -0.003630323 -0.001094316 0.002134783 0.000494846 0.999997020
0.266667 -0.000834695 0.000516330 -0.005865925 -0.001898852 0.003781259 0.000191368 0.999991059
0.333333 -0.001708490 0.002216388 -0.007069337 0.003613996 0.010054542 0.000504512 0.999942839
0.400000 -0.001577491 0.004041968 -0.011469548 0.009338959 0.012925591 0.002278029 0.999870300
0.466667 -0.006658928 0.005992842 -0.012559893 0.013220006 0.034211095 0.003556778 0.999320865
0.533333 -0.008812020 0.006208350 -0.016677143 0.012067318 0.039546385 0.004697997 0.999133885
0.600000 -0.013643101 0.011821617 -0.019083740 0.025694728 0.056756243 0.004616094 0.998046696
0.666667 -0.014366384 0.011935882 -0.023677707 0.023155954 0.060383644 0.004294849 0.997897446
0.733333 -0.014091813 0.014613792 -0.025863595 0.029799750 0.065623894 0.003089290 0.997394562
0.800000 -0.015624377 0.017330164 -0.029605299 0.037230574 0.073653840 0.001952375 0.996586800
0.866667 -0.015735913 0.017332524 -0.030602589 0.036649775 0.073989213 0.002049147 0.996583283
0.933333 -0.016191913 0.016723713 -0.032997679 0.033136897 0.074420571 0.003917212 0.996668637
1.000000 -0.015941467 0.017065337 -0.035618808 0.031580139 0.072765492 0.006040411 0.996830702
1.066667 -0.016759820 0.018095797 -0.041800085 0.031419531 0.073395871 0.008420840 0.996772289
1.133333 -0.018354325 0.018672472 -0.047355819 0.029801365 0.077379853 0.009114846 0.996514499
1.200000 -0.020027990 0.018172648 -0.051980302 0.024927882 0.080819383 0.011608183 0.996349394
1.266667 -0.020705476 0.018241830 -0.054574896 0.024093220 0.082344145 0.013246790 0.996224642
1.333333 -0.021653946 0.018827908 -0.058598723 0.024207635 0.084134117 0.013083030 0.996074438
1.400000 -0.023573091 0.020739218 -0.065350562 0.028386788 0.086598389 0.016198706 0.995707035
1.466667 -0.025545293 0.022085458 -0.070158474 0.029392619 0.090242609 0.023154953 0.995216668
1.533333 -0.025956793 0.022215737 -0.070591085 0.029665221 0.091469020 0.023425128 0.995090306
1.600000 -0.028229548 0.020696018 -0.083279707 0.022599244 0.093223706 0.026976250 0.995023072
1.666667 -0.028970109 0.020522289 -0.085737444 0.020856483 0.093435682 0.027698688 0.995021403
1.733333 -0.029831937 0.021739062 -0.087902881 0.024992092 0.093521886 0.030891120 0.994824052
1.800000 -0.031481285 0.021716328 -0.092351884 0.022668140 0.094896019 0.034033798 0.994646966
1.866667 -0.033268813 0.023324015 -0.097291514 0.025033887 0.097134896 0.033063151 0.994406819
1.933333 -0.034736402 0.024203222 -0.103299581 0.024162415 0.097935468 0.029920571 0.994449377
2.000000 -0.034604855 0.023826038 -0.109724022 0.019741537 0.097745046 0.030141691 0.994559050
2.066667 -0.032919869 0.023231182 -0.116240919 0.018803384 0.097094856 0.029095404 0.994672060
2.133333 -0.039440934 0.025605386 -0.122052997 0.033037335 0.109196655 0.020501420 0.993259490
2.200000 -0.046240248 0.026139505 -0.128521353 0.045920972 0.116487235 -0.005586897 0.992114305
2.266667 -0.039046865 0.023818886 -0.134810939 0.046728477 0.104672275 -0.011375565 0.993343234
2.266667 -0.039046865 0.023818886 -0.134810939 0.046728477 0.104672275 -0.011375565 0.993343234
2.266667 -0.039046865 0.023818886 -0.134810939 0.046728477 0.104672275 -0.011375565 0.993343234
2.266667 -0.039046865 0.023818886 -0.134810939 0.046728477 0.104672275 -0.011375565 0.993343234
2.266667 -0.039046865 0.023818886 -0.134810939 0.046728477 0.104672275 -0.011375565 0.993343234
2.266667 -0.039046865 0.023818886 -0.134810939 0.046728477 0.104672275 -0.011375565 0.993343234
2.266667 -0.039046865 0.023818886 -0.134810939 0.046728477 0.104672275 -0.011375565 0.993343234
2.266667 -0.039046865 0.023818886 -0.134810939 0.046728477 0.104672275 -0.011375565 0.993343234
2.266667 -0.039046865 0.023818886 -0.134810939 0.046728477 0.104672275 -0.011375565 0.993343234
2.266667 -0.039046865 0.023818886 -0.134810939 0.046728477 0.104672275 -0.011375565 0.993343234
2.266667 -0.039046865 0.023818886 -0.134810939 0.046728477 0.104672275 -0.011375565 0.993343234
2.266667 -0.039046865 0.023818886 -0.134810939 0.046728477 0.104672275 -0.011375565 0.993343234
2.266667 -0.039046865 0.023818886 -0.134810939 0.046728477 0.104672275 -0.011375565 0.993343234
2.266667 -0.039046865 0.023818886 -0.134810939 0.046728477 0.104672275 -0.011375565 0.993343234
2.266667 -0.039046865 0.023818886 -0.134810939 0.046728477 0.104672275 -0.011375565 0.993343234
2.266667 -0.039046865 0.023818886 -0.134810939 0.046728477 0.104672275 -0.011375565 0.993343234
2.266667 -0.039046865 0.023818886 -0.134810939 0.046728477 0.104672275 -0.011375565 0.993343234
2.266667 -0.039046865 0.023818886 -0.134810939 0.046728477 0.104672275 -0.011375565 0.993343234
2.266667 -0.039046865 0.023818886 -0.134810939 0.046728477 0.104672275 -0.011375565 0.993343234
2.266667 -0.039046865 0.023818886 -0.134810939 0.046728477 0.104672275 -0.011375565 0.993343234
2.266667 -0.039046865 0.023818886 -0.134810939 0.046728477 0.104672275 -0.011375565 0.993343234
2.266667 -0.039046865 0.023818886 -0.134810939 0.046728477 0.104672275 -0.011375565 0.993343234
2.266667 -0.039046865 0.023818886 -0.134810939 0.046728477 0.104672275 -0.011375565 0.993343234
2.266667 -0.039046865 0.023818886 -0.134810939 0.046728477 0.104672275 -0.011375565 0.993343234
2.266667 -0.039046865 0.023818886 -0.134810939 0.046728477 0.104672275 -0.011375565 0.993343234
2.266667 -0.039046865 0.023818886 -0.134810939 0.046728477 0.104672275 -0.011375565 0.993343234
2.266667 -0.039046865 0.023818886 -0.134810939 0.046728477 0.104672275 -0.011375565 0.993343234
2.266667 -0.039046865 0.023818886 -0.134810939 0.046728477 0.104672275 -0.011375565 0.993343234
2.266667 -0.039046865 0.023818886 -0.134810939 0.046728477 0.104672275 -0.011375565 0.993343234
2.266667 -0.039046865 0.023818886 -0.134810939 0.046728477 0.104672275 -0.011375565 0.993343234
2.266667 -0.039046865 0.023818886 -0.134810939 0.046728477 0.104672275 -0.011375565 0.993343234
2.266667 -0.039046865 0.023818886 -0.134810939 0.046728477 0.104672275 -0.011375565 0.993343234
2.266667 -0.039046865 0.023818886 -0.134810939 0.046728477 0.104672275 -0.011375565 0.993343234
2.266667 -0.039046865 0.023818886 -0.134810939 0.046728477 0.104672275 -0.011375565 0.993343234
2.266667 -0.039046865 0.023818886 -0.134810939 0.046728477 0.104672275 -0.011375565 0.993343234
2.266667 -0.039046865 0.023818886 -0.134810939 0.046728477 0.104672275 -0.011375565 0.993343234
2.266667 -0.039046865 0.023818886 -0.134810939 0.046728477 0.104672275 -0.011375565 0.993343234
2.266667 -0.039046865 0.023818886 -0.134810939 0.046728477 0.104672275 -0.011375565 0.993343234
2.266667 -0.039046865 0.023818886 -0.134810939 0.046728477 0.104672275 -0.011375565 0.993343234
2.266667 -0.039046865 0.023818886 -0.134810939 0.046728477 0.104672275 -0.011375565 0.993343234
2.266667 -0.039046865 0.023818886 -0.134810939 0.046728477 0.104672275 -0.011375565 0.993343234
2.266667 -0.039046865 0.023818886 -0.134810939 0.046728477 0.104672275 -0.011375565 0.993343234
2.266667 -0.039046865 0.023818886 -0.134810939 0.046728477 0.104672275 -0.011375565 0.993343234
2.266667 -0.039046865 0.023818886 -0.134810939 0.046728477 0.104672275 -0.011375565 0.993343234
2.266667 -0.039046865 0.023818886 -0.134810939 0.046728477 0.104672275 -0.011375565 0.993343234
2.266667 -0.039046865 0.023818886 -0.134810939 0.046728477 0.104672275 -0.011375565 0.993343234
5.400000 0.000000000 0.000000000 0.000000000 -0.000000000 -0.000000000 -0.000000000 1.000000000
5.466667 0.003270852 0.000953764 -0.003395427 0.004313511 -0.013498389 0.003119185 0.999894738
5.533333 0.006006569 0.004510000 -0.007408960 0.018818695 -0.025080897 0.008451547 0.999472558
5.600000 0.006923925 0.007227895 -0.010680304 0.028872410 -0.032911181 0.010884820 0.998981893
5.666667 0.009465386 0.007076849 -0.014443134 0.023896094 -0.042454127 0.013217685 0.998725176
5.733333 0.013693314 0.005646682 -0.014159594 0.016058071 -0.060169958 0.015425220 0.997939765
5.800000 0.017929958 0.011189220 -0.017766224 0.036400244 -0.066775590 0.016957797 0.996959627
5.866667 0.020351300 0.016111327 -0.020683693 0.054895505 -0.072049417 0.020465313 0.995678961
5.933333 0.022103522 0.017482921 -0.022562535 0.058544833 -0.073468596 0.019863565 0.995379567
6.000000 0.031152282 0.025248947 -0.024789512 0.092005134 -0.099945426 0.025162637 0.990410447
6.066667 0.031843953 0.025596956 -0.025992859 0.093662143 -0.101721637 0.026801884 0.990031242
6.133333 0.032581516 0.026926208 -0.026923565 0.101470381 -0.107677743 0.028218849 0.988591433
6.200000 0.029537933 0.023068883 -0.028126312 0.082196116 -0.106076159 0.027381839 0.990576565
6.266667 0.028443588 0.021548718 -0.026651489 0.077538446 -0.111765087 0.031384882 0.990207791
6.333333 0.026057173 0.015571979 -0.028745806 0.055244539 -0.106013097 0.032044068 0.992311656
6.400000 0.027593946 0.015762495 -0.029112605 0.055686470 -0.113745101 0.032523967 0.991414785
6.466667 0.025874065 0.019802555 -0.032214545 0.070264578 -0.101940647 0.033583410 0.991737485
6.533333 0.028183762 0.021475121 -0.035385158 0.076497495 -0.105909169 0.035795324 0.990782559
6.600000 0.029669076 0.024947913 -0.041040633 0.090795189 -0.103326380 0.040747508 0.989656270
6.666667 0.027017025 0.029534267 -0.048314273 0.111494139 -0.088693827 0.046941876 0.988685429
6.733333 0.025523447 0.033355165 -0.051232655 0.125943258 -0.082609028 0.047177412 0.987465620
6.800000 0.026340041 0.034229156 -0.053138640 0.126210958 -0.084292270 0.043008767 0.987479568
6.866667 0.026352389 0.036433384 -0.055059001 0.131460443 -0.084015585 0.039489325 0.986965120
6.933333 0.025576539 0.037030894 -0.057245824 0.132153794 -0.079265237 0.037335806 0.987349212
7.000000 0.026087649 0.037280943 -0.057104602 0.132010698 -0.081221282 0.030709669 0.987437665
7.066667 0.024622796 0.038924400 -0.059331235 0.138588622 -0.075903609 0.028133497 0.987036169
7.133333 0.025057370 0.039158210 -0.061984614 0.139526486 -0.081017882 0.028099777 0.986498296
7.200000 0.023271669 0.040017739 -0.063242927 0.143297136 -0.082275257 0.022799769 0.985990286
7.266667 0.024626806 0.038957633 -0.062066741 0.140519768 -0.091614336 0.018507790 0.985656381
7.333333 0.024176843 0.039595731 -0.062170289 0.143937707 -0.094067104 0.016078265 0.984974563
7.400000 0.023729069 0.041418280 -0.064621426 0.153238878 -0.093689047 0.012317478 0.983660758
7.466667 0.022516947 0.041777588 -0.068589903 0.154991910 -0.093367003 0.005346823 0.983479321
7.533333 0.022116663 0.042964108 -0.071816213 0.159200475 -0.095697880 0.000474695 0.982597053
7.600000 0.022364289 0.043154053 -0.072355092 0.164272442 -0.100510828 -0.005449726 0.981265724
7.666667 0.026727824 0.044124369 -0.071401902 0.170563206 -0.110622883 -0.012349192 0.979039490
7.733333 0.026399476 0.046675727 -0.075030148 0.181380317 -0.106505617 -0.014763795 0.977517188
7.800000 0.026947550 0.048109330 -0.079733938 0.186415628 -0.107105404 -0.016727811 0.976472139
7.866667 0.028379275 0.049093470 -0.084467702 0.184829086 -0.108767405 -0.020830663 0.976511121
7.933333 0.028867323 0.050656211 -0.090371765 0.182830215 -0.105514102 -0.025151223 0.977142394
8.000000 0.031048913 0.051067915 -0.096514590 0.178167775 -0.104620263 -0.027671229 0.978031278
8.066667 0.030937593 0.051887054 -0.104688779 0.173282564 -0.094069824 -0.029278247 0.979932070
8.133333 0.030652577 0.053542040 -0.112266801 0.172575518 -0.084199883 -0.033347875 0.980824172
8.200000 0.031456988 0.058222491 -0.120730594 0.178049296 -0.073846839 -0.032016657 0.980724216
8.266667 0.032945760 0.059778087 -0.122633785 0.180431977 -0.074953854 -0.033501573 0.980155051
8.333333 0.034325942 0.060258556 -0.124939173 0.178522721 -0.077890821 -0.033069644 0.980290294
8.400000 0.034460399 0.060101252 -0.131490141 0.169861048 -0.072730184 -0.034462031 0.982176125
8.466667 0.035406187 0.063283823 -0.134734333 0.176830888 -0.074471749 -0.036229055 0.980750918
8.533333 0.036374375 0.067356698 -0.139309555 0.181050628 -0.072347723 -0.037572190 0.980089188
8.600000 0.035287589 0.069644786 -0.144040808 0.177130386 -0.068529874 -0.039846379 0.980989695
8.666667 0.038165223 0.069936343 -0.148386031 0.164707094 -0.076900959 -0.037694629 0.982617438
8.733333 0.041686010 0.068703994 -0.154824540 0.145387545 -0.083401792 -0.035740562 0.985205173
8.800000 0.042492475 0.065614671 -0.161528632 0.120517828 -0.081622951 -0.038103756 0.988615870
8.866667 0.043173607 0.059365045 -0.166903943 0.085915864 -0.080562353 -0.040524159 0.992212713
8.933333 0.046127792 0.054752514 -0.168203786 0.065016784 -0.080588512 -0.041828461 0.993744791
9.000000 0.043553196 0.055171486 -0.166919380 0.068152845 -0.070311658 -0.038971536 0.994430840
9.066667 0.048421290 0.055773262 -0.164471969 0.078658246 -0.082658581 -0.039253522 0.992693126
9.133333 0.046020523 0.057280291 -0.164338514 0.085371695 -0.075008117 -0.038515896 0.992774904
9.200000 0.046234369 0.057903670 -0.164378598 0.087656736 -0.075699426 -0.036277696 0.992607594
9.266667 0.046667259 0.057839293 -0.164860904 0.086917311 -0.075968660 -0.034440883 0.992717505
9.333333 0.045756739 0.059214171 -0.162710652 0.095330440 -0.073053271 -0.035238750 0.992135882
