0.000000 0.000000000 0.000000000 0.000000000 -0.000000000 -0.000000000 -0.000000000 1.000000000
0.066667 0.000175368 -0.000283905 -0.000699659 -0.001384180 -0.000563473 -0.001071764 0.999998331
0.133333 -0.000508130 0.000317850 -0.002808511 -0.001304316 0.002322922 -0.000383682 0.999996364
0.200000 -0.000392819 0.000167564 -0.003644797 -0.001831234 0.001521213 0.000309330 0.999997139
0.266667 -0.000691333 0.000289120 -0.005880949 -0.002635276 0.003167615 0.000004145 0.999991536
0.333333 -0.001887316 0.002037644 -0.007004301 0.002440281 0.010802401 -0.000701552 0.999938428
0.400000 -0.001643997 0.003578864 -0.011595865 0.007319485 0.013291799 0.001495750 0.999883771
0.466667 -0.004566670 0.007418891 -0.013373947 0.018009830 0.026017169 0.004531634 0.999489009
0.533333 -0.006091613 0.007629196 -0.017720213 0.016712986 0.029595433 0.005663465 0.999406219
0.600000 -0.009056703 0.009561278 -0.023796948 0.015998296 0.036173884 0.007531761 0.999189079
0.666667 -0.009118226 0.009603942 -0.027878292 0.013789415 0.038404062 0.007258100 0.999140799
0.733333 -0.009042044 0.010875577 -0.032944765 0.015869223 0.044717450 0.006556774 0.998852134
0.800000 -0.010424645 0.011675245 -0.037368510 0.015031027 0.052295677 0.005318593 0.998504341
0.866667 -0.010648273 0.011596132 -0.038381435 0.014298404 0.053081125 0.005559312 0.998472333
0.933333 -0.011161409 0.011441736 -0.040462110 0.012947920 0.054703664 0.008128647 0.998385608
1.000000 -0.011565740 0.012002726 -0.044796381 0.012810811 0.054607011 0.008211037 0.998391986
1.066667 -0.012376539 0.011426206 -0.050933097 0.007236205 0.056601685 0.010147881 0.998319089
1.133333 -0.013769866 0.012112114 -0.056848451 0.007375295 0.060884956 0.012979856 0.998033166
1.200000 -0.015821308 0.013531159 -0.062110931 0.010691062 0.065964974 0.013609364 0.997671843
1.266667 -0.016481383 0.013390000 -0.064638168 0.009289381 0.068095863 0.016021417 0.997506917
1.333333 -0.017678058 0.014171562 -0.067794733 0.010325479 0.070924118 0.015491968 0.997307956
1.400000 -0.020401692 0.015653674 -0.072996587 0.012987619 0.078136243 0.018294923 0.996690214
1.466667 -0.023376308 0.016428649 -0.079354525 0.012053802 0.084866300 0.022739239 0.996059954
1.533333 -0.023728464 0.016500223 -0.079767220 0.012185500 0.085745677 0.023110468 0.995974481
1.600000 -0.026511444 0.015617397 -0.087327786 0.006333522 0.090954006 0.024901969 0.995523572
1.666667 -0.026617274 0.015693566 -0.090100721 0.006608650 0.088919953 0.026432462 0.995666087
1.733333 -0.027581016 0.017762691 -0.091930337 0.013180120 0.090092823 0.027523553 0.995465755
1.800000 -0.028607564 0.018410090 -0.096658930 0.013705933 0.089437492 0.031259771 0.995407403
1.866667 -0.030024074 0.020093031 -0.102175407 0.017708354 0.090101071 0.030195823 0.995317280
1.933333 -0.031590685 0.020023843 -0.108382128 0.014058598 0.091011658 0.032123338 0.995232344
2.000000 -0.029968346 0.019914677 -0.116126709 0.011694419 0.084418759 0.032507021 0.995831311
2.066667 -0.027995231 0.019608893 -0.122862414 0.012035077 0.083241470 0.032111108 0.995939195
2.133333 -0.033981860 0.022608429 -0.128324494 0.027721858 0.095213629 0.021144701 0.994846106
2.200000 -0.039024882 0.026894694 -0.134189263 0.055046100 0.100518107 -0.005650909 0.993395269
2.266667 -0.031381745 0.025617627 -0.138016582 0.062686853 0.085069411 -0.010093770 0.994349957
2.266667 -0.031381745 0.025617627 -0.138016582 0.062686853 0.085069411 -0.010093770 0.994349957
2.266667 -0.031381745 0.025617627 -0.138016582 0.062686853 0.085069411 -0.010093770 0.994349957
2.266667 -0.031381745 0.025617627 -0.138016582 0.062686853 0.085069411 -0.010093770 0.994349957
2.266667 -0.031381745 0.025617627 -0.138016582 0.062686853 0.085069411 -0.010093770 0.994349957
2.266667 -0.031381745 0.025617627 -0.138016582 0.062686853 0.085069411 -0.010093770 0.994349957
2.266667 -0.031381745 0.025617627 -0.138016582 0.062686853 0.085069411 -0.010093770 0.994349957
2.266667 -0.031381745 0.025617627 -0.138016582 0.062686853 0.085069411 -0.010093770 0.994349957
2.266667 -0.031381745 0.025617627 -0.138016582 0.062686853 0.085069411 -0.010093770 0.994349957
2.266667 -0.031381745 0.025617627 -0.138016582 0.062686853 0.085069411 -0.010093770 0.994349957
2.266667 -0.031381745 0.025617627 -0.138016582 0.062686853 0.085069411 -0.010093770 0.994349957
2.266667 -0.031381745 0.025617627 -0.138016582 0.062686853 0.085069411 -0.010093770 0.994349957
2.266667 -0.031381745 0.025617627 -0.138016582 0.062686853 0.085069411 -0.010093770 0.994349957
2.266667 -0.031381745 0.025617627 -0.138016582 0.062686853 0.085069411 -0.010093770 0.994349957
2.266667 -0.031381745 0.025617627 -0.138016582 0.062686853 0.085069411 -0.010093770 0.994349957
2.266667 -0.031381745 0.025617627 -0.138016582 0.062686853 0.085069411 -0.010093770 0.994349957
2.266667 -0.031381745 0.025617627 -0.138016582 0.062686853 0.085069411 -0.010093770 0.994349957
2.266667 -0.031381745 0.025617627 -0.138016582 0.062686853 0.085069411 -0.010093770 0.994349957
2.266667 -0.031381745 0.025617627 -0.138016582 0.062686853 0.085069411 -0.010093770 0.994349957
2.266667 -0.031381745 0.025617627 -0.138016582 0.062686853 0.085069411 -0.010093770 0.994349957
2.266667 -0.031381745 0.025617627 -0.138016582 0.062686853 0.085069411 -0.010093770 0.994349957
2.266667 -0.031381745 0.025617627 -0.138016582 0.062686853 0.085069411 -0.010093770 0.994349957
2.266667 -0.031381745 0.025617627 -0.138016582 0.062686853 0.085069411 -0.010093770 0.994349957
2.266667 -0.031381745 0.025617627 -0.138016582 0.062686853 0.085069411 -0.010093770 0.994349957
2.266667 -0.031381745 0.025617627 -0.138016582 0.062686853 0.085069411 -0.010093770 0.994349957
2.266667 -0.031381745 0.025617627 -0.138016582 0.062686853 0.085069411 -0.010093770 0.994349957
2.266667 -0.031381745 0.025617627 -0.138016582 0.062686853 0.085069411 -0.010093770 0.994349957
2.266667 -0.031381745 0.025617627 -0.138016582 0.062686853 0.085069411 -0.010093770 0.994349957
2.266667 -0.031381745 0.025617627 -0.138016582 0.062686853 0.085069411 -0.010093770 0.994349957
2.266667 -0.031381745 0.025617627 -0.138016582 0.062686853 0.085069411 -0.010093770 0.994349957
2.266667 -0.031381745 0.025617627 -0.138016582 0.062686853 0.085069411 -0.010093770 0.994349957
2.266667 -0.031381745 0.025617627 -0.138016582 0.062686853 0.085069411 -0.010093770 0.994349957
2.266667 -0.031381745 0.025617627 -0.138016582 0.062686853 0.085069411 -0.010093770 0.994349957
2.266667 -0.031381745 0.025617627 -0.138016582 0.062686853 0.085069411 -0.010093770 0.994349957
2.266667 -0.031381745 0.025617627 -0.138016582 0.062686853 0.085069411 -0.010093770 0.994349957
2.266667 -0.031381745 0.025617627 -0.138016582 0.062686853 0.085069411 -0.010093770 0.994349957
2.266667 -0.031381745 0.025617627 -0.138016582 0.062686853 0.085069411 -0.010093770 0.994349957
2.266667 -0.031381745 0.025617627 -0.138016582 0.062686853 0.085069411 -0.010093770 0.994349957
2.266667 -0.031381745 0.025617627 -0.138016582 0.062686853 0.085069411 -0.010093770 0.994349957
2.266667 -0.031381745 0.025617627 -0.138016582 0.062686853 0.085069411 -0.010093770 0.994349957
2.266667 -0.031381745 0.025617627 -0.138016582 0.062686853 0.085069411 -0.010093770 0.994349957
2.266667 -0.031381745 0.025617627 -0.138016582 0.062686853 0.085069411 -0.010093770 0.994349957
2.266667 -0.031381745 0.025617627 -0.138016582 0.062686853 0.085069411 -0.010093770 0.994349957
2.266667 -0.031381745 0.025617627 -0.138016582 0.062686853 0.085069411 -0.010093770 0.994349957
2.266667 -0.031381745 0.025617627 -0.138016582 0.062686853 0.085069411 -0.010093770 0.994349957
2.266667 -0.031381745 0.025617627 -0.138016582 0.062686853 0.085069411 -0.010093770 0.994349957
5.400000 0.000000000 0.000000000 0.000000000 -0.000000000 -0.000000000 -0.000000000 1.000000000
5.466667 0.003682168 0.000923483 -0.003744874 0.003915731 -0.014710810 0.003729492 0.999877155
5.533333 0.006410860 0.004890514 -0.007170657 0.020141330 -0.026412543 0.008276417 0.999413967
5.600000 0.007780774 0.007664481 -0.010776909 0.029926328 -0.036049724 0.011162291 0.998839438
5.666667 0.010329009 0.007635416 -0.014651141 0.025221817 -0.045396417 0.013770183 0.998555660
5.733333 0.014793935 0.005944547 -0.015198109 0.016361741 -0.062515393 0.014417033 0.997805715
5.800000 0.017522395 0.008410638 -0.019477626 0.024653595 -0.063194394 0.015354597 0.997578561
5.866667 0.020812904 0.012771199 -0.022723004 0.040599652 -0.071578354 0.018771352 0.996431589
5.933333 0.022666832 0.013979140 -0.024575204 0.044118684 -0.073581919 0.018334206 0.996144176
6.000000 0.028537365 0.017735599 -0.028623043 0.062168695 -0.087070316 0.023936342 0.993972242
6.066667 0.029209372 0.018287383 -0.029647950 0.065393001 -0.089030430 0.025298089 0.993557930
6.133333 0.028974921 0.017335752 -0.031751011 0.064092055 -0.090820596 0.029427260 0.993366957
6.200000 0.026667481 0.012843817 -0.032334421 0.043036491 -0.092566818 0.027414782 0.994398177
6.266667 0.024925334 0.011483890 -0.031022174 0.039138146 -0.094989270 0.029820586 0.994261563
6.333333 0.023115123 0.006991728 -0.031720981 0.022870762 -0.092141174 0.030190459 0.995025396
6.400000 0.024598062 0.006670962 -0.032209862 0.021410992 -0.099383861 0.031323705 0.994325519
6.466667 0.023414120 0.008100980 -0.037127227 0.026628619 -0.089382477 0.034882452 0.995030105
6.533333 0.024634697 0.009831414 -0.040362835 0.034757994 -0.089267083 0.036186576 0.994743109
6.600000 0.024788698 0.014536342 -0.046008009 0.056123115 -0.083164200 0.040198568 0.994141817
6.666667 0.022631299 0.017803924 -0.053288184 0.074126430 -0.070881270 0.045599006 0.993680954
6.733333 0.022202469 0.020541314 -0.056356706 0.085222222 -0.069188870 0.045257758 0.992925882
6.800000 0.023489213 0.022602167 -0.057727035 0.091205381 -0.073543139 0.040204767 0.992298663
6.866667 0.023731669 0.025176892 -0.059351176 0.099288270 -0.073498599 0.036897831 0.991654336
6.933333 0.022648282 0.026648698 -0.061426438 0.103498168 -0.067547992 0.034532566 0.991732299
7.000000 0.022515504 0.026825391 -0.061499845 0.103053741 -0.067510426 0.028190630 0.991981626
7.066667 0.020792734 0.029245431 -0.063368917 0.113141268 -0.061857805 0.025174884 0.991331875
7.133333 0.020228101 0.028724466 -0.065469839 0.111428805 -0.062676989 0.024521893 0.991490722
7.200000 0.017951325 0.028606916 -0.066363730 0.111606635 -0.061459806 0.020121571 0.991645992
7.266667 0.019353213 0.027413161 -0.065707460 0.107329838 -0.070456006 0.016586570 0.991585195
7.333333 0.017860109 0.027917137 -0.065587640 0.111118808 -0.070015289 0.011259631 0.991273761
7.400000 0.016713750 0.029129032 -0.068559282 0.118233316 -0.067886055 0.007281105 0.990635872
7.466667 0.015465350 0.029150819 -0.072433122 0.119178094 -0.068773136 0.000361032 0.990488112
7.533333 0.014862630 0.029243041 -0.075745210 0.119909652 -0.070591494 -0.005475250 0.990256786
7.600000 0.015086168 0.029382426 -0.076367356 0.124920748 -0.075275064 -0.009254010 0.989263833
7.666667 0.017854469 0.029831590 -0.076111913 0.128196761 -0.080541864 -0.013746911 0.988377273
7.733333 0.017332356 0.032836702 -0.080064029 0.141715467 -0.076684333 -0.018502073 0.986759305
7.800000 0.017272599 0.033786565 -0.084778480 0.147210315 -0.076020338 -0.021477880 0.985945642
7.866667 0.017344395 0.034391243 -0.088931166 0.145994470 -0.073591366 -0.025598483 0.986212313
7.933333 0.018646540 0.033769161 -0.094771244 0.137874290 -0.073657930 -0.028637011 0.987291813
8.000000 0.019342368 0.031565990 -0.101396546 0.125839740 -0.068711698 -0.029069455 0.989241183
8.066667 0.018577076 0.030565260 -0.108246222 0.118153021 -0.059013542 -0.031543761 0.990738273
8.133333 0.019422350 0.030407695 -0.115371555 0.113838650 -0.056213550 -0.034359656 0.991312385
8.200000 0.020776637 0.032765485 -0.124170452 0.114771307 -0.050192583 -0.033081897 0.991571426
8.266667 0.022634240 0.033189721 -0.126086071 0.113851786 -0.053649370 -0.033820465 0.991471529
8.333333 0.023604471 0.034395311 -0.128224835 0.116073385 -0.055384938 -0.033785466 0.991119623
8.400000 0.021610636 0.034145575 -0.133964196 0.109964646 -0.043852307 -0.034024201 0.992384553
8.466667 0.020913675 0.035347104 -0.137348056 0.110362619 -0.039608680 -0.037498500 0.992393613
8.533333 0.020153278 0.035583433 -0.143188432 0.103597894 -0.033383414 -0.035128646 0.993438005
8.600000 0.019521624 0.036865003 -0.148085877 0.099147320 -0.032571591 -0.037199631 0.993843615
8.666667 0.022739390 0.040067874 -0.152277991 0.099742107 -0.041626904 -0.034785207 0.993533432
8.733333 0.024799623 0.039596632 -0.158825815 0.087545328 -0.044766940 -0.032099001 0.994636297
8.800000 0.026508519 0.036810026 -0.164921761 0.067376815 -0.047511078 -0.030147923 0.996139646
8.866667 0.028063348 0.031986058 -0.169527724 0.040983040 -0.051107772 -0.029102381 0.997427404
8.933333 0.031241879 0.031197973 -0.170324728 0.036046762 -0.052546084 -0.031088714 0.997483373
9.000000 0.028664187 0.031232590 -0.168792725 0.037358236 -0.041847665 -0.028609931 0.998015344
9.066667 0.031980585 0.030984372 -0.166745797 0.042636540 -0.047944386 -0.029114103 0.997514844
9.133333 0.029843336 0.032597728 -0.166452318 0.049739957 -0.041233081 -0.028964849 0.997490287
9.200000 0.030034207 0.032341104 -0.166699603 0.048443351 -0.041797142 -0.026801350 0.997591078
9.266667 0.030111557 0.032854594 -0.167331964 0.050561566 -0.040576454 -0.025693918 0.997565508
9.333333 0.028336637 0.035095029 -0.165442884 0.062427897 -0.032998364 -0.026585581 0.997149467
