0.000000 0.000000000 0.000000000 0.000000000 -0.000000000 -0.000000000 -0.000000000 1.000000000
0.066667 0.000100813 -0.000124053 -0.000666736 -0.000883227 -0.000376817 -0.001131854 0.999998927
0.133333 -0.000531574 0.000694510 -0.002640749 0.000058782 0.002398218 -0.000484434 0.999997020
0.200000 -0.000416418 0.000546480 -0.003477459 -0.000468166 0.001595619 0.000207523 0.999998629
0.266667 -0.000715240 0.000674193 -0.005713226 -0.001272067 0.003242520 -0.000095357 0.999993980
0.333333 -0.001740235 0.002156517 -0.006950711 0.003267809 0.010159986 0.000809942 0.999942720
0.400000 -0.001608405 0.003831058 -0.011352697 0.008383820 0.013055811 0.002620312 0.999876201
0.466667 -0.006795277 0.005308378 -0.011804143 0.010710278 0.035340313 0.003146723 0.999312997
0.533333 -0.008874800 0.005475021 -0.016166581 0.009247641 0.040357199 0.004942379 0.999130368
0.600000 -0.014176498 0.010583385 -0.019008510 0.021591831 0.059109140 0.005606229 0.998002231
0.666667 -0.014482233 0.010399956 -0.023702545 0.018329842 0.061267275 0.005340989 0.997938812
0.733333 -0.016074356 0.012274641 -0.025618119 0.022008646 0.073495045 0.004229527 0.997043729
0.800000 -0.017462753 0.014559171 -0.029871494 0.027717507 0.080517896 0.005002064 0.996355176
0.866667 -0.017759681 0.014481522 -0.030737104 0.027015749 0.081352606 0.005149009 0.996305883
0.933333 -0.018376868 0.013487969 -0.033141784 0.022384968 0.082324751 0.006926773 0.996330082
1.000000 -0.017272804 0.013875167 -0.035807721 0.021306805 0.077432930 0.009512784 0.996724486
1.066667 -0.018214563 0.014978698 -0.041629821 0.021739122 0.078078687 0.010830048 0.996651292
1.133333 -0.019072255 0.016777487 -0.047031052 0.026010180 0.079396382 0.011837369 0.996433437
1.200000 -0.021152930 0.018413257 -0.051573083 0.029204989 0.084372535 0.011089947 0.995944500
1.266667 -0.022134013 0.018701881 -0.054322198 0.029031750 0.086640954 0.011591959 0.995749056
1.333333 -0.022632819 0.017702954 -0.057705708 0.022904249 0.086612768 0.013610521 0.995885730
1.400000 -0.025055528 0.019789876 -0.063619331 0.027935985 0.090962224 0.015678106 0.995338976
1.466667 -0.027777553 0.021521995 -0.068960927 0.030668862 0.097344548 0.021260034 0.994550943
1.533333 -0.028034363 0.021437611 -0.069443986 0.030160200 0.097867921 0.021987217 0.994499266
1.600000 -0.031275552 0.020973302 -0.078954630 0.025801310 0.102834664 0.022986449 0.994098127
1.666667 -0.032695331 0.020779612 -0.082807347 0.024274757 0.104821302 0.023771398 0.993910551
1.733333 -0.033661298 0.021739513 -0.085181944 0.027464023 0.105070293 0.026672499 0.993727624
1.800000 -0.035313640 0.021812299 -0.089426808 0.024492733 0.106470436 0.028415715 0.993607938
1.866667 -0.036369968 0.020887338 -0.094317108 0.017436277 0.106410354 0.029698255 0.993725777
1.933333 -0.037589848 0.020434257 -0.099989995 0.011501082 0.106401034 0.030864628 0.993777573
2.000000 -0.036036417 0.020228522 -0.107289568 0.008788528 0.100053757 0.031753615 0.994436383
2.066667 -0.035698038 0.019770654 -0.113115929 0.009881605 0.104136080 0.032165553 0.993993700
2.133333 -0.042478092 0.024055436 -0.118115917 0.030072255 0.116864078 0.022537079 0.992436647
2.200000 -0.047614314 0.023563145 -0.121222183 0.043555625 0.125071332 0.019656245 0.990996361
2.266667 -0.042765435 0.017226156 -0.124336891 0.042199165 0.117922172 0.024141047 0.991832078
2.333333 -0.042655241 0.009632970 -0.125915736 0.031653419 0.119613715 0.031441875 0.991817534
2.400000 -0.046290524 0.004640542 -0.134354442 0.018913198 0.131295726 0.026124088 0.990818501
2.466667 -0.051492408 -0.005251425 -0.131250992 -0.009935952 0.141358674 0.024019098 0.989617169
2.533333 -0.055014748 -0.016464965 -0.120403893 -0.044374000 0.146612406 0.019782322 0.988000214
2.600000 -0.054586630 -0.019761704 -0.119405940 -0.059156667 0.146135300 0.013464496 0.987402499
2.666667 -0.054530218 -0.020234462 -0.120179325 -0.062930107 0.147276908 0.011032655 0.987029731
2.733333 -0.054869745 -0.020371718 -0.121456221 -0.069336616 0.151448190 0.011416605 0.985964298
2.800000 -0.051448949 -0.021026390 -0.129740536 -0.076374672 0.148813114 0.005012484 0.985898793
2.866667 -0.047413647 -0.025839720 -0.141777545 -0.084316678 0.148255974 -0.003825310 0.985340714
2.933333 -0.047413651 -0.025839716 -0.141777545 -0.084316678 0.148255989 -0.003825311 0.985340714
2.933333 -0.047413651 -0.025839716 -0.141777545 -0.084316678 0.148255989 -0.003825311 0.985340714
2.933333 -0.047413651 -0.025839716 -0.141777545 -0.084316678 0.148255989 -0.003825311 0.985340714
2.933333 -0.047413651 -0.025839716 -0.141777545 -0.084316678 0.148255989 -0.003825311 0.985340714
2.933333 -0.047413651 -0.025839716 -0.141777545 -0.084316678 0.148255989 -0.003825311 0.985340714
2.933333 -0.047413651 -0.025839716 -0.141777545 -0.084316678 0.148255989 -0.003825311 0.985340714
2.933333 -0.047413651 -0.025839716 -0.141777545 -0.084316678 0.148255989 -0.003825311 0.985340714
2.933333 -0.047413651 -0.025839716 -0.141777545 -0.084316678 0.148255989 -0.003825311 0.985340714
2.933333 -0.047413651 -0.025839716 -0.141777545 -0.084316678 0.148255989 -0.003825311 0.985340714
2.933333 -0.047413651 -0.025839716 -0.141777545 -0.084316678 0.148255989 -0.003825311 0.985340714
2.933333 -0.047413651 -0.025839716 -0.141777545 -0.084316678 0.148255989 -0.003825311 0.985340714
2.933333 -0.047413651 -0.025839716 -0.141777545 -0.084316678 0.148255989 -0.003825311 0.985340714
2.933333 -0.047413651 -0.025839716 -0.141777545 -0.084316678 0.148255989 -0.003825311 0.985340714
2.933333 -0.047413651 -0.025839716 -0.141777545 -0.084316678 0.148255989 -0.003825311 0.985340714
2.933333 -0.047413651 -0.025839716 -0.141777545 -0.084316678 0.148255989 -0.003825311 0.985340714
2.933333 -0.047413651 -0.025839716 -0.141777545 -0.084316678 0.148255989 -0.003825311 0.985340714
2.933333 -0.047413651 -0.025839716 -0.141777545 -0.084316678 0.148255989 -0.003825311 0.985340714
2.933333 -0.047413651 -0.025839716 -0.141777545 -0.084316678 0.148255989 -0.003825311 0.985340714
2.933333 -0.047413651 -0.025839716 -0.141777545 -0.084316678 0.148255989 -0.003825311 0.985340714
2.933333 -0.047413651 -0.025839716 -0.141777545 -0.084316678 0.148255989 -0.003825311 0.985340714
2.933333 -0.047413651 -0.025839716 -0.141777545 -0.084316678 0.148255989 -0.003825311 0.985340714
2.933333 -0.047413651 -0.025839716 -0.141777545 -0.084316678 0.148255989 -0.003825311 0.985340714
2.933333 -0.047413651 -0.025839716 -0.141777545 -0.084316678 0.148255989 -0.003825311 0.985340714
2.933333 -0.047413651 -0.025839716 -0.141777545 -0.084316678 0.148255989 -0.003825311 0.985340714
2.933333 -0.047413651 -0.025839716 -0.141777545 -0.084316678 0.148255989 -0.003825311 0.985340714
2.933333 -0.047413651 -0.025839716 -0.141777545 -0.084316678 0.148255989 -0.003825311 0.985340714
2.933333 -0.047413651 -0.025839716 -0.141777545 -0.084316678 0.148255989 -0.003825311 0.985340714
2.933333 -0.047413651 -0.025839716 -0.141777545 -0.084316678 0.148255989 -0.003825311 0.985340714
2.933333 -0.047413651 -0.025839716 -0.141777545 -0.084316678 0.148255989 -0.003825311 0.985340714
2.933333 -0.047413651 -0.025839716 -0.141777545 -0.084316678 0.148255989 -0.003825311 0.985340714
2.933333 -0.047413651 -0.025839716 -0.141777545 -0.084316678 0.148255989 -0.003825311 0.985340714
2.933333 -0.047413651 -0.025839716 -0.141777545 -0.084316678 0.148255989 -0.003825311 0.985340714
2.933333 -0.047413651 -0.025839716 -0.141777545 -0.084316678 0.148255989 -0.003825311 0.985340714
2.933333 -0.047413651 -0.025839716 -0.141777545 -0.084316678 0.148255989 -0.003825311 0.985340714
2.933333 -0.047413651 -0.025839716 -0.141777545 -0.084316678 0.148255989 -0.003825311 0.985340714
2.933333 -0.047413651 -0.025839716 -0.141777545 -0.084316678 0.148255989 -0.003825311 0.985340714
2.933333 -0.047413651 -0.025839716 -0.141777545 -0.084316678 0.148255989 -0.003825311 0.985340714
2.933333 -0.047413651 -0.025839716 -0.141777545 -0.084316678 0.148255989 -0.003825311 0.985340714
2.933333 -0.047413651 -0.025839716 -0.141777545 -0.084316678 0.148255989 -0.003825311 0.985340714
2.933333 -0.047413651 -0.025839716 -0.141777545 -0.084316678 0.148255989 -0.003825311 0.985340714
2.933333 -0.047413651 -0.025839716 -0.141777545 -0.084316678 0.148255989 -0.003825311 0.985340714
2.933333 -0.047413651 -0.025839716 -0.141777545 -0.084316678 0.148255989 -0.003825311 0.985340714
2.933333 -0.047413651 -0.025839716 -0.141777545 -0.084316678 0.148255989 -0.003825311 0.985340714
2.933333 -0.047413651 -0.025839716 -0.141777545 -0.084316678 0.148255989 -0.003825311 0.985340714
2.933333 -0.047413651 -0.025839716 -0.141777545 -0.084316678 0.148255989 -0.003825311 0.985340714
2.933333 -0.047413651 -0.025839716 -0.141777545 -0.084316678 0.148255989 -0.003825311 0.985340714
6.066667 0.000000000 0.000000000 0.000000000 -0.000000000 -0.000000000 -0.000000000 1.000000000
6.133333 -0.000290275 0.000470647 -0.000908807 0.005062091 -0.002796354 0.002322660 0.999980628
6.200000 -0.002327668 -0.006036694 -0.000117670 -0.026120765 -0.005917908 0.004199868 0.999632478
6.266667 -0.003718680 -0.007794197 0.001065355 -0.032396674 -0.008274134 0.006315389 0.999420881
6.333333 -0.004237441 -0.009685088 0.001356045 -0.039479412 -0.010506923 0.008575559 0.999128342
6.400000 -0.003595044 -0.009740440 0.000245352 -0.038873315 -0.014869653 0.009861701 0.999084890
6.466667 -0.002150748 -0.008725188 -0.001041301 -0.033962626 -0.017781027 0.012157895 0.999190986
6.533333 -0.001242824 -0.006069024 -0.005793658 -0.020152889 -0.018373311 0.014064183 0.999529123
6.600000 -0.001002456 -0.002830044 -0.012112095 -0.001632004 -0.014817910 0.017810211 0.999730289
6.666667 -0.004463942 0.000088117 -0.019271202 0.018098820 -0.001368434 0.021207629 0.999610364
6.733333 -0.005163035 0.002858434 -0.022727881 0.030795258 -0.000060986 0.021233633 0.999300182
6.800000 -0.004690551 0.003336688 -0.024804419 0.030967085 -0.001998407 0.016779525 0.999377549
6.866667 -0.004599838 0.004158286 -0.026773607 0.032806043 -0.002855108 0.012682111 0.999377191
6.933333 -0.005227096 0.005105343 -0.028746800 0.036050506 0.000011698 0.010243777 0.999297500
7.000000 -0.004865164 0.005143466 -0.028779292 0.034626275 -0.002180823 0.004334469 0.999388576
7.066667 -0.005913158 0.006187638 -0.031166373 0.040042929 -0.000135055 0.000249522 0.999197960
7.133333 -0.005849551 0.005348596 -0.033550803 0.038252175 -0.005083880 0.000335340 0.999255121
7.200000 -0.007362950 0.002982479 -0.034953404 0.030452834 -0.008441643 -0.002480711 0.999497473
7.266667 -0.005719377 0.001287117 -0.033961598 0.023467634 -0.018882886 -0.004962319 0.999533951
7.333333 -0.007276221 0.002142039 -0.033715438 0.028075231 -0.018282499 -0.010508023 0.999383390
7.400000 -0.007988987 0.003914932 -0.036608096 0.038628764 -0.019097812 -0.015450081 0.998951674
7.466667 -0.009486211 0.003011087 -0.040543925 0.037835818 -0.021311065 -0.023257006 0.998785973
7.533333 -0.010335377 0.002344347 -0.044275593 0.037160471 -0.024895977 -0.027269531 0.998626888
7.600000 -0.009832001 0.003925598 -0.045053061 0.047569830 -0.031611357 -0.031544786 0.997869134
7.666667 -0.006523961 0.005681361 -0.044155367 0.058504805 -0.040024746 -0.034288887 0.996894896
7.733333 -0.007809338 0.008232773 -0.048913766 0.071642093 -0.034228060 -0.037619814 0.996132851
7.800000 -0.009291565 0.010954892 -0.053405914 0.085187793 -0.029006425 -0.042215757 0.995047510
7.866667 -0.009607394 0.010705320 -0.057584021 0.082957499 -0.027153134 -0.044405267 0.995192885
7.933333 -0.009911769 0.010474341 -0.063221395 0.078158997 -0.023831088 -0.048754577 0.995462835
8.000000 -0.010247057 0.007371971 -0.069466881 0.065545209 -0.017248344 -0.047847684 0.996552527
8.066667 -0.011765727 0.006269718 -0.077143684 0.059466112 -0.007535072 -0.051079981 0.996894121
8.133333 -0.013234683 0.007662323 -0.084019862 0.063649863 0.000485743 -0.054116942 0.996503830
8.200000 -0.015747542 0.011575008 -0.092226945 0.073423497 0.016815795 -0.054701786 0.995657563
8.266667 -0.015850149 0.011827751 -0.094258681 0.072565787 0.019714745 -0.056140728 0.995587170
8.333333 -0.014842972 0.012775751 -0.096811213 0.074681155 0.016642351 -0.056131020 0.995487332
8.400000 -0.016297149 0.013694169 -0.103514060 0.073835768 0.022235071 -0.057428874 0.995367169
8.466667 -0.015502724 0.014272955 -0.108063258 0.072213240 0.017846672 -0.061044287 0.995359421
8.533333 -0.015398148 0.012131073 -0.113871641 0.057679135 0.018335067 -0.058874026 0.996429026
8.600000 -0.017334593 0.010649627 -0.119267456 0.043425322 0.021840306 -0.059762839 0.997028410
8.666667 -0.017896483 0.007228086 -0.124894813 0.019777630 0.023241175 -0.060146518 0.997722983
8.733333 -0.018526787 0.003943462 -0.130727544 -0.001219473 0.027819322 -0.058790360 0.997881949
8.800000 -0.021047581 -0.004538138 -0.135069147 -0.042385183 0.036938731 -0.059811737 0.996625125
8.866667 -0.022462241 -0.012942550 -0.138253942 -0.080345467 0.041645005 -0.059978265 0.994089007
8.933333 -0.020834198 -0.016749179 -0.138531998 -0.097026765 0.045854021 -0.058184940 0.992520928
9.000000 -0.024426986 -0.015821381 -0.136881471 -0.093799911 0.063075811 -0.058447368 0.991870403
9.066667 -0.020637525 -0.015759207 -0.135445461 -0.087790981 0.057961028 -0.059227027 0.992685974
9.133333 -0.023117352 -0.013665080 -0.134584025 -0.079971768 0.066646434 -0.060945865 0.992697537
9.200000 -0.022644758 -0.013060263 -0.134900004 -0.077253260 0.064825580 -0.059826024 0.993101418
9.266667 -0.022807127 -0.013634871 -0.135578543 -0.079075202 0.066628262 -0.058463894 0.992919862
9.333333 -0.023621332 -0.011444125 -0.133342296 -0.070639275 0.071929425 -0.059982046 0.993095338
