0.000000 0.000000000 0.000000000 0.000000000 -0.000000000 -0.000000000 -0.000000000 1.000000000
0.066667 0.001663720 -0.000677280 -0.010023446 -0.000720597 -0.000615526 -0.001215450 0.999998868
0.133333 -0.001258189 0.000982837 -0.063036479 -0.002846738 -0.000216552 -0.001111617 0.999995291
0.200000 -0.004824631 0.002211513 -0.074196123 -0.002542482 -0.000203590 -0.001668093 0.999995410
0.266667 -0.006523294 0.002318574 -0.105107158 -0.004290879 0.000654626 -0.001602098 0.999989331
0.333333 0.001122267 -0.004935532 -0.174577639 -0.006507861 0.001465355 -0.001812460 0.999976099
0.400000 0.006761372 -0.013263162 -0.243732378 -0.009948501 0.003499256 -0.001964238 0.999942482
0.466667 0.004396312 -0.019874346 -0.354636461 -0.013186555 0.004381313 0.000754747 0.999903202
0.533333 -0.000344751 -0.023463253 -0.417810589 -0.015856246 0.004327909 0.001998456 0.999862969
0.600000 -0.024333915 -0.025172206 -0.579816222 -0.021620145 0.005731421 0.006250850 0.999730289
0.666667 -0.043137815 -0.021831051 -0.694123924 -0.022879828 0.008635486 0.004604487 0.999690354
0.733333 -0.028737040 -0.033773825 -0.786168516 -0.027458576 0.012455571 0.002159533 0.999543011
0.800000 0.001470316 -0.039803378 -0.841066539 -0.030457728 0.012991770 0.003489164 0.999445558
0.866667 -0.001515218 -0.037828397 -0.852501750 -0.030308120 0.013900362 0.004722239 0.999432802
0.933333 -0.005261359 -0.045762748 -0.880350828 -0.032204445 0.015029560 0.005692145 0.999352098
1.000000 0.002759316 -0.046627160 -0.926213801 -0.033204444 0.014079388 0.008255935 0.999315321
1.066667 0.003676085 -0.048002109 -0.989007473 -0.035591718 0.015868163 0.012360512 0.999163985
1.133333 0.005141926 -0.055132307 -1.049899340 -0.038976751 0.018200781 0.016170321 0.998943448
1.200000 -0.003181994 -0.058154274 -1.094002247 -0.039986420 0.022079054 0.020658100 0.998742640
1.266667 -0.007124889 -0.066597365 -1.120087028 -0.044477899 0.021105388 0.017268820 0.998638153
1.333333 -0.011438220 -0.069202863 -1.155327201 -0.045373738 0.022312298 0.019832158 0.998523951
1.400000 -0.018232539 -0.070054717 -1.190969825 -0.048662048 0.023376828 0.025626590 0.998212814
1.466667 -0.011798906 -0.075233854 -1.219135523 -0.055990711 0.019324653 0.022175768 0.997997940
1.533333 -0.014197073 -0.073933110 -1.225146174 -0.055096194 0.018390840 0.022105003 0.998066902
1.600000 -0.003257201 -0.078278109 -1.251166701 -0.058593806 0.014318298 0.028056525 0.997784853
1.666667 -0.002854014 -0.081721015 -1.267253518 -0.058573615 0.012426131 0.034460537 0.997610748
1.733333 -0.002449860 -0.079960987 -1.279632092 -0.057998493 0.010617868 0.034696616 0.997657061
1.800000 -0.016717918 -0.073232368 -1.306388140 -0.055614974 0.014262961 0.033384237 0.997792065
1.866667 -0.025455270 -0.077754676 -1.336787820 -0.058108073 0.017332595 0.031483654 0.997663200
1.933333 -0.033618994 -0.071263067 -1.373712540 -0.056270450 0.019418597 0.029030887 0.997804523
2.000000 -0.030931296 -0.081139348 -1.409479499 -0.060436480 0.020731775 0.029063782 0.997533441
2.066667 -0.027827708 -0.090661317 -1.447429657 -0.060882833 0.027234467 0.023930145 0.997486293
2.133333 -0.023601105 -0.086542077 -1.457247853 -0.055117525 0.025337620 0.031765770 0.997652769
2.200000 -0.039138768 -0.183560848 -1.678079367 -0.043848313 0.010029434 0.029771598 0.998544097
2.200000 -0.039138768 -0.183560848 -1.678079367 -0.043848313 0.010029434 0.029771598 0.998544097
2.200000 -0.039138768 -0.183560848 -1.678079367 -0.043848313 0.010029434 0.029771598 0.998544097
2.200000 -0.039138768 -0.183560848 -1.678079367 -0.043848313 0.010029434 0.029771598 0.998544097
2.200000 -0.039138768 -0.183560848 -1.678079367 -0.043848313 0.010029434 0.029771598 0.998544097
2.200000 -0.039138768 -0.183560848 -1.678079367 -0.043848313 0.010029434 0.029771598 0.998544097
2.200000 -0.039138768 -0.183560848 -1.678079367 -0.043848313 0.010029434 0.029771598 0.998544097
2.200000 -0.039138768 -0.183560848 -1.678079367 -0.043848313 0.010029434 0.029771598 0.998544097
2.200000 -0.039138768 -0.183560848 -1.678079367 -0.043848313 0.010029434 0.029771598 0.998544097
2.200000 -0.039138768 -0.183560848 -1.678079367 -0.043848313 0.010029434 0.029771598 0.998544097
2.200000 -0.039138768 -0.183560848 -1.678079367 -0.043848313 0.010029434 0.029771598 0.998544097
2.200000 -0.039138768 -0.183560848 -1.678079367 -0.043848313 0.010029434 0.029771598 0.998544097
2.200000 -0.039138768 -0.183560848 -1.678079367 -0.043848313 0.010029434 0.029771598 0.998544097
2.200000 -0.039138768 -0.183560848 -1.678079367 -0.043848313 0.010029434 0.029771598 0.998544097
2.200000 -0.039138768 -0.183560848 -1.678079367 -0.043848313 0.010029434 0.029771598 0.998544097
2.200000 -0.039138768 -0.183560848 -1.678079367 -0.043848313 0.010029434 0.029771598 0.998544097
2.200000 -0.039138768 -0.183560848 -1.678079367 -0.043848313 0.010029434 0.029771598 0.998544097
2.200000 -0.039138768 -0.183560848 -1.678079367 -0.043848313 0.010029434 0.029771598 0.998544097
2.200000 -0.039138768 -0.183560848 -1.678079367 -0.043848313 0.010029434 0.029771598 0.998544097
2.200000 -0.039138768 -0.183560848 -1.678079367 -0.043848313 0.010029434 0.029771598 0.998544097
2.200000 -0.039138768 -0.183560848 -1.678079367 -0.043848313 0.010029434 0.029771598 0.998544097
2.200000 -0.039138768 -0.183560848 -1.678079367 -0.043848313 0.010029434 0.029771598 0.998544097
2.200000 -0.039138768 -0.183560848 -1.678079367 -0.043848313 0.010029434 0.029771598 0.998544097
2.200000 -0.039138768 -0.183560848 -1.678079367 -0.043848313 0.010029434 0.029771598 0.998544097
2.200000 -0.039138768 -0.183560848 -1.678079367 -0.043848313 0.010029434 0.029771598 0.998544097
2.200000 -0.039138768 -0.183560848 -1.678079367 -0.043848313 0.010029434 0.029771598 0.998544097
2.200000 -0.039138768 -0.183560848 -1.678079367 -0.043848313 0.010029434 0.029771598 0.998544097
2.200000 -0.039138768 -0.183560848 -1.678079367 -0.043848313 0.010029434 0.029771598 0.998544097
2.200000 -0.039138768 -0.183560848 -1.678079367 -0.043848313 0.010029434 0.029771598 0.998544097
2.200000 -0.039138768 -0.183560848 -1.678079367 -0.043848313 0.010029434 0.029771598 0.998544097
2.200000 -0.039138768 -0.183560848 -1.678079367 -0.043848313 0.010029434 0.029771598 0.998544097
2.200000 -0.039138768 -0.183560848 -1.678079367 -0.043848313 0.010029434 0.029771598 0.998544097
2.200000 -0.039138768 -0.183560848 -1.678079367 -0.043848313 0.010029434 0.029771598 0.998544097
2.200000 -0.039138768 -0.183560848 -1.678079367 -0.043848313 0.010029434 0.029771598 0.998544097
2.200000 -0.039138768 -0.183560848 -1.678079367 -0.043848313 0.010029434 0.029771598 0.998544097
2.200000 -0.039138768 -0.183560848 -1.678079367 -0.043848313 0.010029434 0.029771598 0.998544097
2.200000 -0.039138768 -0.183560848 -1.678079367 -0.043848313 0.010029434 0.029771598 0.998544097
2.200000 -0.039138768 -0.183560848 -1.678079367 -0.043848313 0.010029434 0.029771598 0.998544097
2.200000 -0.039138768 -0.183560848 -1.678079367 -0.043848313 0.010029434 0.029771598 0.998544097
2.200000 -0.039138768 -0.183560848 -1.678079367 -0.043848313 0.010029434 0.029771598 0.998544097
2.200000 -0.039138768 -0.183560848 -1.678079367 -0.043848313 0.010029434 0.029771598 0.998544097
2.200000 -0.039138768 -0.183560848 -1.678079367 -0.043848313 0.010029434 0.029771598 0.998544097
2.200000 -0.039138768 -0.183560848 -1.678079367 -0.043848313 0.010029434 0.029771598 0.998544097
2.200000 -0.039138768 -0.183560848 -1.678079367 -0.043848313 0.010029434 0.029771598 0.998544097
2.200000 -0.039138768 -0.183560848 -1.678079367 -0.043848313 0.010029434 0.029771598 0.998544097
2.200000 -0.039138768 -0.183560848 -1.678079367 -0.043848313 0.010029434 0.029771598 0.998544097
5.333333 0.000000000 0.000000000 0.000000000 -0.000000000 -0.000000000 -0.000000000 1.000000000
5.400000 -0.006572427 -0.006895789 -0.158679351 0.003250600 0.002822796 0.004296434 0.999981523
5.466667 0.017279085 -0.034410298 -0.320703864 0.000157460 0.000929737 0.005058001 0.999986768
5.533333 0.034729160 -0.044583384 -0.475262105 -0.001676471 -0.001659308 0.005946039 0.999979556
5.600000 -0.008214634 -0.036235482 -0.562154353 -0.002088692 -0.001630241 0.008013979 0.999964356
5.666667 -0.009709212 -0.040067405 -0.623472989 -0.004243191 -0.002206204 0.006835065 0.999965191
5.733333 0.000390014 -0.027714591 -0.670396149 -0.004581121 -0.002285425 0.008493065 0.999950826
5.800000 0.018992739 -0.033616662 -0.783121943 -0.006009809 0.002468579 0.010641114 0.999922276
5.866667 0.016670687 -0.038324807 -0.870202422 -0.007082958 0.003509547 0.012953983 0.999884844
5.933333 0.015009118 -0.038207952 -0.922609031 -0.007556395 0.007805806 0.012318228 0.999865115
6.000000 0.022984898 -0.067612402 -1.033850193 -0.005972543 0.011041889 0.015263543 0.999804676
6.066667 0.030546976 -0.076704174 -1.063142776 -0.006064119 0.009667902 0.016063828 0.999805868
6.133333 0.016900115 -0.079982415 -1.066216230 -0.003898619 0.007803468 0.017674515 0.999805748
6.200000 0.001959095 -0.066029578 -1.050552964 -0.004707120 0.000727268 0.016668342 0.999849737
6.266667 -0.012091085 -0.072969414 -1.031911731 -0.005172295 -0.004708103 0.015433414 0.999856472
6.333333 -0.021904118 -0.072959252 -1.009113431 -0.004174838 -0.007318881 0.019405255 0.999776185
6.400000 -0.022761581 -0.071115978 -1.032870650 -0.003776633 -0.008888002 0.020031128 0.999752760
6.466667 -0.006315781 -0.070470154 -1.065914512 -0.002775543 -0.009507417 0.022833681 0.999690235
6.533333 -0.003469875 -0.078701302 -1.113012671 -0.003102826 -0.007756360 0.027938649 0.999574780
6.600000 0.004724734 -0.080828764 -1.178636789 0.001310819 -0.007704240 0.032362167 0.999445677
6.666667 0.006119911 -0.089592338 -1.243886948 0.005025420 -0.007185280 0.036613390 0.999291062
6.733333 0.002117157 -0.093191698 -1.273733258 0.005929234 -0.008881975 0.036320992 0.999283135
6.800000 -0.001706145 -0.094107091 -1.290698171 0.004406502 -0.008420230 0.031288404 0.999465227
6.866667 -0.006348043 -0.091263123 -1.310678959 0.004408091 -0.008484431 0.027962454 0.999563277
6.933333 -0.011643587 -0.088774458 -1.330625176 0.005301257 -0.006197668 0.024820833 0.999658704
7.000000 -0.011747816 -0.087493703 -1.335215211 0.003910822 -0.008137950 0.018115031 0.999795139
7.066667 -0.018256115 -0.089878239 -1.360972285 0.004750169 -0.008889818 0.015063094 0.999835789
7.133333 -0.026092567 -0.095029913 -1.380371928 0.004519102 -0.011244032 0.014295401 0.999824405
7.200000 -0.039442021 -0.098109752 -1.380565882 0.004232473 -0.014201472 0.007274264 0.999863744
7.266667 -0.046577089 -0.098451354 -1.379936695 0.003746417 -0.018687351 0.004540069 0.999808073
7.333333 -0.046095982 -0.092783593 -1.372363925 0.004656245 -0.021925911 -0.004700780 0.999737740
7.400000 -0.045420896 -0.099419415 -1.387650967 0.005910732 -0.023429025 -0.012583028 0.999628842
7.466667 -0.060789827 -0.100304030 -1.404183626 0.008993858 -0.024341157 -0.019180620 0.999479234
7.533333 -0.066809677 -0.099182360 -1.427789092 0.012567851 -0.026714325 -0.022545749 0.999309838
7.600000 -0.075630136 -0.100159995 -1.439376354 0.014818316 -0.028815391 -0.026875177 0.999113500
7.666667 -0.079370514 -0.114820324 -1.452888489 0.012868551 -0.026715107 -0.025088802 0.999245346
7.733333 -0.059463196 -0.115314752 -1.480133533 0.016534328 -0.031222258 -0.024966460 0.999063790
7.800000 -0.052953549 -0.114583828 -1.504328370 0.021269042 -0.032940738 -0.031065822 0.998747945
7.866667 -0.055296388 -0.121868640 -1.547450304 0.019637128 -0.033709038 -0.033484872 0.998677552
7.933333 -0.067348763 -0.118645534 -1.586377263 0.022250952 -0.029121866 -0.039816890 0.998534679
8.000000 -0.067476101 -0.107050456 -1.615350008 0.028586235 -0.025053116 -0.041913584 0.998397946
8.066667 -0.078415327 -0.094356917 -1.645943046 0.034489680 -0.013684738 -0.050034873 0.998057961
8.133333 -0.102754906 -0.097847380 -1.665977716 0.036034085 0.000021070 -0.063270345 0.997345686
8.200000 -0.111799732 -0.087617278 -1.718344569 0.035125144 0.011894048 -0.071338020 0.996762633
8.266667 -0.122387245 -0.085851185 -1.737392902 0.033919729 0.017610127 -0.073966064 0.996528149
8.333333 -0.127973810 -0.085557818 -1.754683614 0.032550447 0.017357934 -0.069221281 0.996919096
8.400000 -0.136563689 -0.077709243 -1.793387890 0.035258103 0.021103229 -0.075283594 0.996315181
8.466667 -0.129606083 -0.061414544 -1.826411486 0.041225702 0.014059865 -0.077857219 0.996012568
8.533333 -0.120039374 -0.056021161 -1.861108065 0.038045399 0.009243649 -0.083904587 0.995704353
8.600000 -0.104692996 -0.047792219 -1.891747713 0.033734746 -0.000610440 -0.088197500 0.995531440
8.666667 -0.084002733 -0.040113553 -1.937464595 0.026104111 -0.008927749 -0.098661616 0.994738579
8.733333 -0.099157110 -0.050126240 -1.989048839 0.020406896 -0.003598818 -0.078696169 0.996683300
8.800000 -0.118392535 -0.050083257 -2.033942461 0.019634524 0.005889797 -0.070894666 0.997273147
8.866667 -0.124521196 -0.043907613 -2.075242996 0.019448707 0.009038164 -0.063480094 0.997752666
8.933333 -0.142934889 -0.037221871 -2.101811647 0.022753801 0.020906622 -0.041662261 0.998653829
9.000000 -0.157961264 -0.046496753 -2.105803251 0.021490244 0.025576597 -0.034197446 0.998856604
9.066667 -0.147291660 -0.057037961 -2.122434378 0.026205121 0.024859749 -0.015718039 0.999223828
9.133333 -0.150654912 -0.061606098 -2.117154598 0.024765242 0.021335870 -0.018067529 0.999302328
9.200000 -0.147479221 -0.061344165 -2.119098186 0.024996819 0.020281533 -0.015772834 0.999357343
9.266667 -0.145645529 -0.063104384 -2.122932673 0.023490723 0.020105768 -0.013560461 0.999429882
9.333333 -0.147377089 -0.065787576 -2.116217613 0.023611311 0.019892110 -0.012623370 0.999443591
