0.000000 0.000000000 0.000000000 0.000000000 -0.000000000 -0.000000000 -0.000000000 1.000000000
0.066667 0.002347857 0.000125119 -0.010266776 -0.000589083 -0.000764984 -0.001091021 0.999998927
0.133333 0.000536694 0.001956682 -0.060524628 -0.002635569 -0.000494656 -0.001167901 0.999995768
0.200000 -0.003023395 0.003190460 -0.071685739 -0.002331157 -0.000481594 -0.001724290 0.999995708
0.266667 -0.003724032 0.000066739 -0.108583182 -0.004693340 0.000051137 -0.002032576 0.999986947
0.333333 0.007193209 0.001183931 -0.159693062 -0.005593111 0.000150133 -0.000963408 0.999983907
0.400000 0.008637516 -0.010476368 -0.248770252 -0.009235035 0.003515404 -0.002303477 0.999948561
0.466667 0.010186570 -0.023603886 -0.346786201 -0.013896044 0.003555129 0.000128931 0.999897122
0.533333 0.011102987 -0.024981949 -0.416192174 -0.015872970 0.002765023 0.003221136 0.999865055
0.600000 -0.005478608 -0.032335360 -0.580892742 -0.022857880 0.003195112 0.005401727 0.999719083
0.666667 -0.012300985 -0.030914132 -0.660910964 -0.025202556 0.005465587 0.003582295 0.999661028
0.733333 0.010148367 -0.026127333 -0.749718964 -0.026360212 0.008740301 0.001221656 0.999613523
0.800000 0.024521295 -0.029418373 -0.822817087 -0.028599769 0.010546905 0.004500763 0.999525189
0.866667 0.022146383 -0.029958105 -0.845571339 -0.028778439 0.010926040 0.003531887 0.999519885
0.933333 0.025247991 -0.034066048 -0.873440981 -0.029997323 0.010535819 0.005476814 0.999479473
1.000000 0.028199626 -0.039979890 -0.914618015 -0.032773688 0.010372970 0.006393240 0.999388576
1.066667 0.034709629 -0.035597216 -0.976238906 -0.035014022 0.012356668 0.010886684 0.999251127
1.133333 0.062533334 -0.026573356 -1.066131949 -0.035506669 0.010194224 0.011860554 0.999247074
1.200000 0.071532480 -0.026640747 -1.127301693 -0.037691589 0.008374933 0.014027312 0.999155879
1.266667 0.068562090 -0.026695665 -1.161924243 -0.036974382 0.010204990 0.014924685 0.999152660
1.333333 0.065763995 -0.027517861 -1.187779903 -0.039170727 0.010532351 0.019390471 0.998988867
1.400000 0.077847980 -0.023513148 -1.216010451 -0.040923033 0.008460294 0.023988999 0.998838425
1.466667 0.088942617 -0.023696812 -1.232751250 -0.044571780 0.006933568 0.035059948 0.998366714
1.533333 0.095159113 -0.022622522 -1.238989115 -0.044820234 0.005267583 0.035651334 0.998344839
1.600000 0.095851183 -0.029293809 -1.254793167 -0.053197548 0.005668798 0.037120245 0.997877717
1.666667 0.095945179 -0.028247407 -1.260408044 -0.054028343 0.005655555 0.041392699 0.997665107
1.733333 0.094594650 -0.028547309 -1.269673109 -0.054550737 0.007095801 0.045266606 0.997459173
1.800000 0.093720824 -0.034146007 -1.278187752 -0.062172901 0.006713298 0.049425878 0.996818244
1.866667 0.102627434 -0.045315020 -1.287284017 -0.070986532 0.003796107 0.047798384 0.996324182
1.933333 0.106044210 -0.040848043 -1.302101016 -0.073431559 0.003140300 0.052036360 0.995936871
2.000000 0.110179484 -0.044215038 -1.315248132 -0.077421464 0.004595537 0.049800515 0.995743334
2.066667 0.101099022 -0.059850331 -1.333082914 -0.082092211 0.017702920 0.037093900 0.995776832
2.133333 0.071151301 -0.076447375 -1.396623015 -0.078892738 0.022546276 0.043647509 0.995671928
2.200000 0.051970687 -0.117670476 -1.447816372 -0.066272087 0.027802978 0.049866997 0.996166825
2.266667 -0.276038617 -1.398374438 3.319564342 -0.067235284 0.049748406 0.059658416 0.994708717
2.266667 -0.276038617 -1.398374438 3.319564342 -0.067235284 0.049748406 0.059658416 0.994708717
2.266667 -0.276038617 -1.398374438 3.319564342 -0.067235284 0.049748406 0.059658416 0.994708717
2.266667 -0.276038617 -1.398374438 3.319564342 -0.067235284 0.049748406 0.059658416 0.994708717
2.266667 -0.276038617 -1.398374438 3.319564342 -0.067235284 0.049748406 0.059658416 0.994708717
2.266667 -0.276038617 -1.398374438 3.319564342 -0.067235284 0.049748406 0.059658416 0.994708717
2.266667 -0.276038617 -1.398374438 3.319564342 -0.067235284 0.049748406 0.059658416 0.994708717
2.266667 -0.276038617 -1.398374438 3.319564342 -0.067235284 0.049748406 0.059658416 0.994708717
2.266667 -0.276038617 -1.398374438 3.319564342 -0.067235284 0.049748406 0.059658416 0.994708717
2.266667 -0.276038617 -1.398374438 3.319564342 -0.067235284 0.049748406 0.059658416 0.994708717
2.266667 -0.276038617 -1.398374438 3.319564342 -0.067235284 0.049748406 0.059658416 0.994708717
2.266667 -0.276038617 -1.398374438 3.319564342 -0.067235284 0.049748406 0.059658416 0.994708717
2.266667 -0.276038617 -1.398374438 3.319564342 -0.067235284 0.049748406 0.059658416 0.994708717
2.266667 -0.276038617 -1.398374438 3.319564342 -0.067235284 0.049748406 0.059658416 0.994708717
2.266667 -0.276038617 -1.398374438 3.319564342 -0.067235284 0.049748406 0.059658416 0.994708717
2.266667 -0.276038617 -1.398374438 3.319564342 -0.067235284 0.049748406 0.059658416 0.994708717
2.266667 -0.276038617 -1.398374438 3.319564342 -0.067235284 0.049748406 0.059658416 0.994708717
2.266667 -0.276038617 -1.398374438 3.319564342 -0.067235284 0.049748406 0.059658416 0.994708717
2.266667 -0.276038617 -1.398374438 3.319564342 -0.067235284 0.049748406 0.059658416 0.994708717
2.266667 -0.276038617 -1.398374438 3.319564342 -0.067235284 0.049748406 0.059658416 0.994708717
2.266667 -0.276038617 -1.398374438 3.319564342 -0.067235284 0.049748406 0.059658416 0.994708717
2.266667 -0.276038617 -1.398374438 3.319564342 -0.067235284 0.049748406 0.059658416 0.994708717
2.266667 -0.276038617 -1.398374438 3.319564342 -0.067235284 0.049748406 0.059658416 0.994708717
2.266667 -0.276038617 -1.398374438 3.319564342 -0.067235284 0.049748406 0.059658416 0.994708717
2.266667 -0.276038617 -1.398374438 3.319564342 -0.067235284 0.049748406 0.059658416 0.994708717
2.266667 -0.276038617 -1.398374438 3.319564342 -0.067235284 0.049748406 0.059658416 0.994708717
2.266667 -0.276038617 -1.398374438 3.319564342 -0.067235284 0.049748406 0.059658416 0.994708717
2.266667 -0.276038617 -1.398374438 3.319564342 -0.067235284 0.049748406 0.059658416 0.994708717
2.266667 -0.276038617 -1.398374438 3.319564342 -0.067235284 0.049748406 0.059658416 0.994708717
2.266667 -0.276038617 -1.398374438 3.319564342 -0.067235284 0.049748406 0.059658416 0.994708717
2.266667 -0.276038617 -1.398374438 3.319564342 -0.067235284 0.049748406 0.059658416 0.994708717
2.266667 -0.276038617 -1.398374438 3.319564342 -0.067235284 0.049748406 0.059658416 0.994708717
2.266667 -0.276038617 -1.398374438 3.319564342 -0.067235284 0.049748406 0.059658416 0.994708717
2.266667 -0.276038617 -1.398374438 3.319564342 -0.067235284 0.049748406 0.059658416 0.994708717
2.266667 -0.276038617 -1.398374438 3.319564342 -0.067235284 0.049748406 0.059658416 0.994708717
2.266667 -0.276038617 -1.398374438 3.319564342 -0.067235284 0.049748406 0.059658416 0.994708717
2.266667 -0.276038617 -1.398374438 3.319564342 -0.067235284 0.049748406 0.059658416 0.994708717
2.266667 -0.276038617 -1.398374438 3.319564342 -0.067235284 0.049748406 0.059658416 0.994708717
2.266667 -0.276038617 -1.398374438 3.319564342 -0.067235284 0.049748406 0.059658416 0.994708717
2.266667 -0.276038617 -1.398374438 3.319564342 -0.067235284 0.049748406 0.059658416 0.994708717
2.266667 -0.276038617 -1.398374438 3.319564342 -0.067235284 0.049748406 0.059658416 0.994708717
2.266667 -0.276038617 -1.398374438 3.319564342 -0.067235284 0.049748406 0.059658416 0.994708717
2.266667 -0.276038617 -1.398374438 3.319564342 -0.067235284 0.049748406 0.059658416 0.994708717
2.266667 -0.276038617 -1.398374438 3.319564342 -0.067235284 0.049748406 0.059658416 0.994708717
2.266667 -0.276038617 -1.398374438 3.319564342 -0.067235284 0.049748406 0.059658416 0.994708717
2.266667 -0.276038617 -1.398374438 3.319564342 -0.067235284 0.049748406 0.059658416 0.994708717
5.400000 0.000000000 0.000000000 0.000000000 -0.000000000 -0.000000000 -0.000000000 1.000000000
5.466667 0.001015787 -0.004340303 -0.137064978 -0.000510311 0.000878062 0.001972644 0.999997556
5.533333 0.026371438 -0.014440002 -0.294804603 -0.002261139 -0.003009866 0.004699577 0.999981880
5.600000 -0.018343389 -0.008951834 -0.416763574 -0.002729275 -0.002255697 0.005438747 0.999978960
5.666667 -0.027037216 -0.001527993 -0.485054821 -0.004364538 -0.002194153 0.007572163 0.999959409
5.733333 -0.018566720 0.010610734 -0.573038876 -0.004627325 -0.002788026 0.010800668 0.999927104
5.800000 0.011450089 -0.002077629 -0.661500394 -0.006629503 0.001179564 0.012657008 0.999897242
5.866667 0.007243116 -0.007731860 -0.752016127 -0.008073706 0.002172943 0.013486849 0.999874115
5.933333 0.003634443 -0.000982521 -0.816918790 -0.007689049 0.006803609 0.013020664 0.999862552
6.000000 0.020490510 -0.040169675 -0.933228076 -0.007608446 0.009104121 0.013716637 0.999835551
6.066667 0.021540502 -0.050512739 -0.967545450 -0.007512150 0.008733624 0.015607115 0.999811828
6.133333 0.010109677 -0.060448598 -0.988870978 -0.005964135 0.006688819 0.017876806 0.999800026
6.200000 -0.008966002 -0.043002654 -0.969219685 -0.007190975 -0.000995951 0.018854475 0.999795854
6.266667 -0.022675501 -0.042042799 -0.949007630 -0.005102606 -0.006198592 0.020313721 0.999761403
6.333333 -0.030510627 -0.049798764 -0.932115376 -0.005136896 -0.008330340 0.019162443 0.999768496
6.400000 -0.032510895 -0.051887497 -0.951358497 -0.006263283 -0.010463488 0.021676948 0.999690652
6.466667 -0.025710223 -0.046469554 -0.984560907 -0.004255536 -0.008825008 0.025108837 0.999636710
6.533333 -0.012927372 -0.054789212 -1.044830441 -0.003816888 -0.007925554 0.029063333 0.999538839
6.600000 -0.003096243 -0.065911196 -1.131190062 -0.000144024 -0.008124618 0.033059590 0.999420345
6.666667 0.005711899 -0.071911082 -1.209693789 0.003913050 -0.009961337 0.039194062 0.999174297
6.733333 0.011536416 -0.093612172 -1.283881187 0.001226202 -0.011473035 0.038815465 0.999179840
6.800000 0.016024627 -0.097996451 -1.320438385 0.000389350 -0.011591184 0.036091067 0.999281228
6.866667 0.007075670 -0.097642832 -1.353551149 -0.000496842 -0.010109019 0.032097384 0.999433517
6.933333 0.007371968 -0.091595098 -1.390604854 0.000370214 -0.009821584 0.028289093 0.999551475
7.000000 0.001571123 -0.091237463 -1.402580976 -0.001350120 -0.010973149 0.021865631 0.999699771
7.066667 -0.003781102 -0.100834034 -1.434990168 -0.001324978 -0.011716729 0.018700337 0.999755621
7.133333 -0.026923459 -0.106036447 -1.464594603 -0.000305357 -0.011435003 0.017402144 0.999783158
7.200000 -0.037963074 -0.119033329 -1.474925637 -0.001948428 -0.018734725 0.008733773 0.999784470
7.266667 -0.056176331 -0.124202870 -1.467568040 -0.002437816 -0.020403318 0.006224441 0.999769509
7.333333 -0.048362345 -0.126024067 -1.473927379 -0.002087444 -0.027501423 -0.002159978 0.999617279
7.400000 -0.055257127 -0.114042863 -1.497155428 0.003113076 -0.028772630 -0.011517680 0.999514818
7.466667 -0.068167888 -0.117770299 -1.506077528 0.006690388 -0.029856782 -0.022876650 0.999269962
7.533333 -0.066125058 -0.123723462 -1.533092737 0.006932160 -0.034069467 -0.026141917 0.999053478
7.600000 -0.080249846 -0.122587048 -1.544154286 0.009830615 -0.033414185 -0.029315934 0.998963177
7.666667 -0.082204774 -0.115797922 -1.567160606 0.013966672 -0.033383127 -0.031671114 0.998843074
7.733333 -0.081351563 -0.119665399 -1.607578874 0.016476160 -0.031530455 -0.036003217 0.998718262
7.800000 -0.072002657 -0.132103547 -1.641909122 0.016932977 -0.033244967 -0.047242176 0.998186469
7.866667 -0.081143372 -0.131706864 -1.669562221 0.018194489 -0.032885477 -0.045163196 0.998272419
7.933333 -0.082986981 -0.126579076 -1.708151817 0.022330072 -0.031909335 -0.049460683 0.998016417
8.000000 -0.076631323 -0.133733511 -1.743147016 0.019422241 -0.029739751 -0.055008117 0.997853935
8.066667 -0.083331443 -0.124451660 -1.773800135 0.021007771 -0.022120357 -0.060388885 0.997708678
8.133333 -0.068622239 -0.096152104 -1.809947848 0.035014957 -0.024000084 -0.064396068 0.997021139
8.200000 -0.044805158 -0.086378910 -1.877755284 0.035445023 -0.020632517 -0.083299704 0.995680273
8.266667 -0.051640913 -0.087307617 -1.899210095 0.033996549 -0.014944156 -0.091445439 0.995117426
8.333333 -0.057172228 -0.089805514 -1.915755749 0.030041834 -0.011957433 -0.094378434 0.995011151
8.400000 -0.068364978 -0.098287828 -1.940436840 0.024061322 -0.005526416 -0.103328265 0.994340897
8.466667 -0.069839492 -0.097600445 -1.970757246 0.018405078 -0.005626982 -0.105970077 0.994183064
8.533333 -0.073543601 -0.103156693 -2.003203392 0.009381553 0.000101348 -0.115559384 0.993256271
8.600000 -0.079076812 -0.099367335 -2.031113863 0.002701091 0.002243291 -0.117987186 0.993008912
8.666667 -0.084759139 -0.083134167 -2.054096937 0.009910421 0.008517425 -0.110840440 0.993752301
8.733333 -0.088131092 -0.072365075 -2.088589191 0.010382501 0.014412413 -0.107677698 0.994027138
8.800000 -0.104575828 -0.067727938 -2.138583183 0.014151238 0.022977807 -0.099145085 0.994706988
8.866667 -0.122302309 -0.061820988 -2.179282904 0.016261382 0.031101324 -0.091011196 0.995231271
8.933333 -0.119841143 -0.057706557 -2.203106165 0.018040523 0.038303770 -0.083973549 0.995568097
9.000000 -0.124715760 -0.063777991 -2.192321539 0.019311087 0.039589681 -0.073216125 0.996342897
9.066667 -0.124488041 -0.064928055 -2.196646214 0.026157288 0.045306094 -0.069143727 0.996234059
9.133333 -0.122472487 -0.067096725 -2.187697411 0.026521750 0.039083123 -0.069081225 0.996492326
9.200000 -0.123715885 -0.067580469 -2.189062357 0.026240429 0.039583661 -0.067194574 0.996608973
9.266667 -0.122527018 -0.067987792 -2.194612980 0.025729336 0.039571356 -0.065624461 0.996727407
9.333333 -0.121812858 -0.070305631 -2.200213432 0.026122786 0.037274860 -0.063996837 0.996911526
