0.000000 0.000000000 0.000000000 0.000000000 -0.000000000 -0.000000000 -0.000000000 1.000000000
0.066667 0.002347283 -0.000233716 -0.010441368 -0.000699301 -0.000752369 -0.001130851 0.999998868
0.133333 0.001195319 0.001097014 -0.059542295 -0.002831206 -0.000701055 -0.001239229 0.999994993
0.200000 -0.002359989 0.002326924 -0.070705354 -0.002526679 -0.000688124 -0.001795558 0.999994993
0.266667 -0.003439585 -0.000954154 -0.106494501 -0.004924442 -0.000047560 -0.002238600 0.999985397
0.333333 0.006101613 0.000187431 -0.156496376 -0.005842533 0.000393717 -0.001245180 0.999982059
0.400000 0.012570374 -0.013878194 -0.250625342 -0.009921966 0.002654777 -0.002601772 0.999943912
0.466667 0.009611843 -0.022305358 -0.348611444 -0.013918455 0.003685642 0.000153717 0.999896348
0.533333 0.005250998 -0.027909087 -0.418036491 -0.016845575 0.003084331 0.001925100 0.999851525
0.600000 -0.011803500 -0.030849699 -0.578319967 -0.023037544 0.004061655 0.005771725 0.999709725
0.666667 -0.007383267 -0.025176134 -0.655431986 -0.024696844 0.005273187 0.003394867 0.999675333
0.733333 0.015622972 -0.023605417 -0.739438951 -0.026004322 0.007620330 0.003106733 0.999628007
0.800000 0.024004469 -0.027613712 -0.804765522 -0.028300218 0.010828375 0.005662447 0.999524772
0.866667 0.019293251 -0.025843943 -0.829770088 -0.028183805 0.011338580 0.004965300 0.999526143
0.933333 0.018990673 -0.027834030 -0.864020765 -0.028878314 0.011193636 0.006365250 0.999500036
1.000000 0.019718308 -0.034932811 -0.903217852 -0.032151554 0.011128432 0.007398511 0.999393702
1.066667 0.014583232 -0.045845378 -0.990261436 -0.035647046 0.013707037 0.011863080 0.999200046
1.133333 0.011633725 -0.051431507 -1.060111165 -0.037661705 0.015312107 0.015576429 0.999051809
1.200000 0.002865057 -0.061608549 -1.133530498 -0.040707603 0.015981795 0.016409535 0.998908520
1.266667 -0.011008103 -0.065719269 -1.180566788 -0.042662509 0.018031208 0.014615842 0.998819888
1.333333 -0.013733153 -0.067280844 -1.233066320 -0.042912457 0.018378276 0.018231630 0.998743415
1.400000 -0.009873400 -0.080770090 -1.291569471 -0.047339961 0.016798846 0.022530232 0.998483419
1.466667 -0.003476747 -0.097710915 -1.343284845 -0.054439396 0.015013602 0.031130999 0.997918725
1.533333 -0.006997894 -0.099606864 -1.368328214 -0.054043036 0.015099707 0.030917769 0.997945607
1.600000 -0.010309462 -0.093676314 -1.402583718 -0.056135405 0.015711689 0.031778261 0.997793615
1.666667 -0.012416424 -0.085347995 -1.430586219 -0.051915251 0.016643975 0.033406518 0.997953832
1.733333 -0.019558178 -0.084355570 -1.437162399 -0.052234482 0.017977187 0.036614951 0.997801483
1.800000 -0.011298509 -0.081885971 -1.453650355 -0.054727793 0.015141841 0.041022357 0.997543395
1.866667 -0.005513501 -0.083740145 -1.478499413 -0.059549429 0.014038216 0.040642552 0.997298896
1.933333 -0.003759805 -0.087495834 -1.502293229 -0.064733893 0.015561170 0.037903436 0.997061014
2.000000 -0.020550877 -0.094200388 -1.557705998 -0.065186918 0.020600591 0.035783648 0.997018456
2.066667 -0.038252223 -0.100052528 -1.613483191 -0.062517934 0.030757708 0.030034358 0.997117579
2.133333 -0.065705433 -0.126144141 -1.664795160 -0.066141076 0.030008042 0.019359339 0.997171044
2.200000 -0.086916730 -0.137096271 -1.699382067 -0.057134293 0.027311284 -0.002722069 0.997989178
2.266667 0.530845046 -0.966979384 -1.685551524 -0.243737042 -0.180827901 -0.261077523 0.916369021
2.266667 0.530845046 -0.966979384 -1.685551524 -0.243737042 -0.180827901 -0.261077523 0.916369021
2.266667 0.530845046 -0.966979384 -1.685551524 -0.243737042 -0.180827901 -0.261077523 0.916369021
2.266667 0.530845046 -0.966979384 -1.685551524 -0.243737042 -0.180827901 -0.261077523 0.916369021
2.266667 0.530845046 -0.966979384 -1.685551524 -0.243737042 -0.180827901 -0.261077523 0.916369021
2.266667 0.530845046 -0.966979384 -1.685551524 -0.243737042 -0.180827901 -0.261077523 0.916369021
2.266667 0.530845046 -0.966979384 -1.685551524 -0.243737042 -0.180827901 -0.261077523 0.916369021
2.266667 0.530845046 -0.966979384 -1.685551524 -0.243737042 -0.180827901 -0.261077523 0.916369021
2.266667 0.530845046 -0.966979384 -1.685551524 -0.243737042 -0.180827901 -0.261077523 0.916369021
2.266667 0.530845046 -0.966979384 -1.685551524 -0.243737042 -0.180827901 -0.261077523 0.916369021
2.266667 0.530845046 -0.966979384 -1.685551524 -0.243737042 -0.180827901 -0.261077523 0.916369021
2.266667 0.530845046 -0.966979384 -1.685551524 -0.243737042 -0.180827901 -0.261077523 0.916369021
2.266667 0.530845046 -0.966979384 -1.685551524 -0.243737042 -0.180827901 -0.261077523 0.916369021
2.266667 0.530845046 -0.966979384 -1.685551524 -0.243737042 -0.180827901 -0.261077523 0.916369021
2.266667 0.530845046 -0.966979384 -1.685551524 -0.243737042 -0.180827901 -0.261077523 0.916369021
2.266667 0.530845046 -0.966979384 -1.685551524 -0.243737042 -0.180827901 -0.261077523 0.916369021
2.266667 0.530845046 -0.966979384 -1.685551524 -0.243737042 -0.180827901 -0.261077523 0.916369021
2.266667 0.530845046 -0.966979384 -1.685551524 -0.243737042 -0.180827901 -0.261077523 0.916369021
2.266667 0.530845046 -0.966979384 -1.685551524 -0.243737042 -0.180827901 -0.261077523 0.916369021
2.266667 0.530845046 -0.966979384 -1.685551524 -0.243737042 -0.180827901 -0.261077523 0.916369021
2.266667 0.530845046 -0.966979384 -1.685551524 -0.243737042 -0.180827901 -0.261077523 0.916369021
2.266667 0.530845046 -0.966979384 -1.685551524 -0.243737042 -0.180827901 -0.261077523 0.916369021
2.266667 0.530845046 -0.966979384 -1.685551524 -0.243737042 -0.180827901 -0.261077523 0.916369021
2.266667 0.530845046 -0.966979384 -1.685551524 -0.243737042 -0.180827901 -0.261077523 0.916369021
2.266667 0.530845046 -0.966979384 -1.685551524 -0.243737042 -0.180827901 -0.261077523 0.916369021
2.266667 0.530845046 -0.966979384 -1.685551524 -0.243737042 -0.180827901 -0.261077523 0.916369021
2.266667 0.530845046 -0.966979384 -1.685551524 -0.243737042 -0.180827901 -0.261077523 0.916369021
2.266667 0.530845046 -0.966979384 -1.685551524 -0.243737042 -0.180827901 -0.261077523 0.916369021
2.266667 0.530845046 -0.966979384 -1.685551524 -0.243737042 -0.180827901 -0.261077523 0.916369021
2.266667 0.530845046 -0.966979384 -1.685551524 -0.243737042 -0.180827901 -0.261077523 0.916369021
2.266667 0.530845046 -0.966979384 -1.685551524 -0.243737042 -0.180827901 -0.261077523 0.916369021
2.266667 0.530845046 -0.966979384 -1.685551524 -0.243737042 -0.180827901 -0.261077523 0.916369021
2.266667 0.530845046 -0.966979384 -1.685551524 -0.243737042 -0.180827901 -0.261077523 0.916369021
2.266667 0.530845046 -0.966979384 -1.685551524 -0.243737042 -0.180827901 -0.261077523 0.916369021
2.266667 0.530845046 -0.966979384 -1.685551524 -0.243737042 -0.180827901 -0.261077523 0.916369021
2.266667 0.530845046 -0.966979384 -1.685551524 -0.243737042 -0.180827901 -0.261077523 0.916369021
2.266667 0.530845046 -0.966979384 -1.685551524 -0.243737042 -0.180827901 -0.261077523 0.916369021
2.266667 0.530845046 -0.966979384 -1.685551524 -0.243737042 -0.180827901 -0.261077523 0.916369021
2.266667 0.530845046 -0.966979384 -1.685551524 -0.243737042 -0.180827901 -0.261077523 0.916369021
2.266667 0.530845046 -0.966979384 -1.685551524 -0.243737042 -0.180827901 -0.261077523 0.916369021
2.266667 0.530845046 -0.966979384 -1.685551524 -0.243737042 -0.180827901 -0.261077523 0.916369021
2.266667 0.530845046 -0.966979384 -1.685551524 -0.243737042 -0.180827901 -0.261077523 0.916369021
2.266667 0.530845046 -0.966979384 -1.685551524 -0.243737042 -0.180827901 -0.261077523 0.916369021
2.266667 0.530845046 -0.966979384 -1.685551524 -0.243737042 -0.180827901 -0.261077523 0.916369021
2.266667 0.530845046 -0.966979384 -1.685551524 -0.243737042 -0.180827901 -0.261077523 0.916369021
2.266667 0.530845046 -0.966979384 -1.685551524 -0.243737042 -0.180827901 -0.261077523 0.916369021
5.400000 0.000000000 0.000000000 0.000000000 -0.000000000 -0.000000000 -0.000000000 1.000000000
5.466667 0.002331730 -0.004123006 -0.136687160 -0.000451806 0.000717152 0.002047327 0.999997556
5.533333 0.027729232 -0.014803290 -0.296574950 -0.002300762 -0.003119100 0.004363640 0.999983013
5.600000 -0.019601304 -0.008733203 -0.418456346 -0.002729494 -0.001995378 0.005533643 0.999978960
5.666667 -0.025047442 -0.001760358 -0.492964923 -0.004618333 -0.002163158 0.007209502 0.999961078
5.733333 -0.018633634 0.012743510 -0.574263930 -0.004409418 -0.002603185 0.010792981 0.999928653
5.800000 0.013382666 0.007685735 -0.684557617 -0.005489946 0.000287142 0.012878194 0.999902010
5.866667 0.007712757 0.000190594 -0.773828387 -0.007245270 0.002294508 0.013626876 0.999878287
5.933333 0.016395494 -0.003693482 -0.849277616 -0.008313174 0.005447359 0.013077623 0.999865115
6.000000 0.031435598 -0.037964925 -0.967696965 -0.006864971 0.008468222 0.014912862 0.999829412
6.066667 0.033380359 -0.048698284 -1.002788663 -0.006953961 0.008218685 0.015433677 0.999822915
6.133333 0.025993781 -0.059222881 -1.017254233 -0.005506752 0.005737535 0.016572597 0.999831080
6.200000 0.005288994 -0.044921972 -0.989080727 -0.006656526 -0.002024638 0.015667429 0.999853075
6.266667 -0.008629560 -0.044162493 -0.971841812 -0.005053922 -0.007595154 0.018195225 0.999792814
6.333333 -0.013164419 -0.043309782 -0.956024945 -0.004479205 -0.010744756 0.021266004 0.999706089
6.400000 -0.016585412 -0.048777040 -0.978149056 -0.005304853 -0.012297139 0.020125281 0.999707818
6.466667 -0.011945868 -0.045652255 -1.005933046 -0.003494656 -0.010570582 0.022541551 0.999683917
6.533333 -0.006329388 -0.052507952 -1.056798220 -0.003188153 -0.008130223 0.024244629 0.999667943
6.600000 0.011097180 -0.059037507 -1.129482985 0.000401363 -0.007987767 0.029758371 0.999525130
6.666667 0.018433334 -0.083706811 -1.185102820 0.002573768 -0.008649793 0.033386771 0.999401808
6.733333 0.032621272 -0.098285697 -1.231769204 0.001262548 -0.011845559 0.035494670 0.999298871
6.800000 0.044262100 -0.104502052 -1.259948611 -0.000174194 -0.013963685 0.034265388 0.999315202
6.866667 0.029628830 -0.097918823 -1.279403567 0.000498796 -0.012212737 0.029620044 0.999486506
6.933333 0.032569692 -0.095138997 -1.311208129 0.000913193 -0.013012645 0.025928140 0.999578714
7.000000 0.028259533 -0.093039155 -1.328310370 -0.000639609 -0.013222693 0.019188641 0.999728262
7.066667 0.021533608 -0.098152205 -1.358946800 0.000826488 -0.013154265 0.014915138 0.999801874
7.133333 0.002777401 -0.100354463 -1.384403348 0.002651051 -0.013451166 0.014263231 0.999804258
7.200000 -0.017547419 -0.117230155 -1.381401658 0.000270662 -0.017780699 0.006233929 0.999822438
7.266667 -0.020980552 -0.115756996 -1.381027818 0.000811541 -0.023592932 0.005277718 0.999707401
7.333333 -0.023268264 -0.126921341 -1.382343650 -0.003421166 -0.027575631 -0.002902718 0.999609649
7.400000 -0.031785805 -0.130118996 -1.406030893 -0.000387683 -0.027639601 -0.008903141 0.999578238
7.466667 -0.048087724 -0.126935437 -1.437677979 0.003721375 -0.028880762 -0.014701595 0.999467790
7.533333 -0.063365981 -0.132700771 -1.473825574 0.004541711 -0.029728711 -0.018679885 0.999373138
7.600000 -0.073158644 -0.138065368 -1.480601788 0.008148329 -0.032306634 -0.025445208 0.999120831
7.666667 -0.071129233 -0.136301160 -1.501303196 0.010681923 -0.030772835 -0.029988723 0.999019384
7.733333 -0.063200817 -0.134601593 -1.532295823 0.013575835 -0.029680269 -0.028056059 0.999073446
7.800000 -0.057495661 -0.129775375 -1.559694290 0.018354474 -0.031482108 -0.032681547 0.998801291
7.866667 -0.062937573 -0.132850647 -1.595909715 0.017787872 -0.031169495 -0.042287331 0.998460710
7.933333 -0.062192760 -0.132633910 -1.630211949 0.015742185 -0.031815272 -0.050316520 0.998102367
8.000000 -0.047067165 -0.138812244 -1.672208905 0.016380750 -0.030305253 -0.062688842 0.997438431
8.066667 -0.049702790 -0.136730388 -1.710620761 0.016562786 -0.024810115 -0.071324080 0.997007072
8.133333 -0.053527247 -0.137787014 -1.754021168 0.018724710 -0.023055993 -0.067179799 0.997298717
8.200000 -0.052186985 -0.138810828 -1.829295993 0.014674483 -0.017127488 -0.070214003 0.997276962
8.266667 -0.065100208 -0.123054542 -1.856543899 0.018482568 -0.013300346 -0.062732197 0.997770607
8.333333 -0.047075067 -0.127178058 -1.894746780 0.018416941 -0.018590529 -0.068049304 0.997338712
8.400000 -0.048371322 -0.124155842 -1.932863593 0.019718833 -0.018601716 -0.075914547 0.996745765
8.466667 -0.047899324 -0.123602033 -1.969922423 0.016157513 -0.021204436 -0.078173362 0.996583283
8.533333 -0.047555808 -0.116014786 -2.015259981 0.016760195 -0.019936968 -0.075719252 0.996788979
8.600000 -0.057489347 -0.104611650 -2.049360275 0.018688101 -0.018067600 -0.070641533 0.997163057
8.666667 -0.049169682 -0.098324068 -2.093313456 0.012940488 -0.021294700 -0.071974151 0.997095168
8.733333 -0.039832719 -0.093755238 -2.150624275 0.009129114 -0.021418795 -0.070125401 0.997266471
8.800000 -0.042670824 -0.098005265 -2.219588518 0.003148112 -0.018314175 -0.067417659 0.997551799
8.866667 -0.038532011 -0.084594712 -2.276567459 0.008500419 -0.018415583 -0.064137034 0.997734964
8.933333 -0.025572743 -0.079153448 -2.306446075 0.012580235 -0.013521909 -0.051666263 0.998493612
9.000000 -0.022633247 -0.083801977 -2.305263281 0.013516631 -0.017209766 -0.045920815 0.998705387
9.066667 -0.015520439 -0.089236163 -2.297688484 0.017003719 -0.014893389 -0.040659789 0.998917341
9.133333 -0.013005175 -0.097038202 -2.279255629 0.014431244 -0.017715761 -0.047714390 0.998599648
9.200000 -0.015329781 -0.097736277 -2.283116817 0.013863104 -0.015807098 -0.045353144 0.998749733
9.266667 -0.016554976 -0.097836405 -2.287919283 0.013354796 -0.014569097 -0.043282252 0.998867393
9.333333 -0.017490864 -0.098734967 -2.276969910 0.013439800 -0.016438585 -0.042856373 0.998855591
