0.000000 0.000000000 0.000000000 0.000000000 -0.000000000 -0.000000000 -0.000000000 1.000000000
0.066667 -0.000202647 0.002235792 -0.002718006 0.010959304 0.000057092 -0.000959708 0.999939501
0.133333 0.000292106 0.002119363 -0.003442512 0.010631992 -0.002441834 -0.000242559 0.999940515
0.200000 0.001354578 0.002954481 -0.004907412 0.015092796 -0.007347687 -0.000742022 0.999858916
0.266667 0.001357503 0.004794415 -0.006124625 0.022825215 -0.007891935 -0.001947965 0.999706507
0.333333 0.000721154 0.007301196 -0.007476223 0.034363430 -0.005942439 -0.004935970 0.999379575
0.400000 -0.000054670 0.009076516 -0.010418123 0.042547498 -0.003649397 -0.007400065 0.999060392
0.466667 -0.001369834 0.013572643 -0.011978285 0.061125122 0.001638525 -0.012923503 0.998045146
0.533333 -0.002749203 0.017185412 -0.015250901 0.078982502 0.006002694 -0.015620360 0.996735513
0.600000 -0.004663427 0.020682307 -0.019451838 0.093953535 0.011598950 -0.020629942 0.995295286
0.666667 -0.006702881 0.024371970 -0.024045974 0.107607245 0.018760463 -0.024798626 0.993707120
0.733333 -0.007773987 0.025060104 -0.028901286 0.111815393 0.020228175 -0.026233921 0.993176699
0.800000 -0.008780071 0.026679661 -0.032709505 0.119109303 0.022660716 -0.025029775 0.992306888
0.866667 -0.009984997 0.028937455 -0.034671195 0.128642946 0.026906902 -0.030296668 0.990862846
0.933333 -0.009900480 0.029048458 -0.035561353 0.127807796 0.025528170 -0.028428786 0.991062701
1.000000 -0.009749324 0.028972276 -0.036028814 0.127157331 0.024552343 -0.028122095 0.991179764
1.066667 -0.010883270 0.029668976 -0.037391204 0.129497439 0.027763287 -0.029702257 0.990745902
1.133333 -0.011537543 0.028545586 -0.039389428 0.128224239 0.029469306 -0.029533872 0.990867257
1.200000 -0.011959363 0.028823007 -0.041370921 0.130167648 0.029856686 -0.031467248 0.990542650
1.266667 -0.012131819 0.027591124 -0.042918269 0.128023028 0.030066533 -0.032600194 0.990779161
1.333333 -0.013217606 0.024172539 -0.044804879 0.124200650 0.033170763 -0.031402368 0.991205215
1.400000 -0.014825308 0.023267891 -0.047275849 0.127820343 0.039252300 -0.034592461 0.990416408
1.466667 -0.015715204 0.025210451 -0.048924338 0.137827739 0.042500693 -0.038335558 0.988801122
1.533333 -0.016235735 0.025821622 -0.050993875 0.138325885 0.043803893 -0.039782684 0.988617480
1.600000 -0.016420402 0.025929729 -0.052591283 0.137980938 0.043311942 -0.040143169 0.988672793
1.666667 -0.016116021 0.026141901 -0.053474598 0.137869775 0.041218892 -0.039166305 0.988816977
1.733333 -0.015950538 0.026857717 -0.053953469 0.138518840 0.040779855 -0.039394990 0.988735378
1.800000 -0.015946152 0.027059212 -0.053869434 0.138728157 0.040706262 -0.039614104 0.988700271
1.866667 -0.015847651 0.026818493 -0.055168193 0.136638969 0.039220955 -0.038289983 0.989103317
1.933333 -0.015773738 0.026726130 -0.057198115 0.136670172 0.037392445 -0.038550794 0.989159703
2.000000 -0.016876424 0.027288551 -0.059844729 0.139675319 0.040600311 -0.039998192 0.988555849
2.066667 -0.018088121 0.026153406 -0.061507650 0.136008427 0.043476123 -0.038963720 0.988986015
2.133333 -0.017814467 0.025330324 -0.063368864 0.139497608 0.041781880 -0.039156429 0.988565385
2.200000 -0.018077541 0.024838587 -0.064310707 0.142718032 0.042650595 -0.039877087 0.988039672
2.266667 -0.018402768 0.023643818 -0.065291777 0.142686680 0.043571424 -0.042803641 0.987881541
2.333333 -0.019908484 0.021298081 -0.066429518 0.141597196 0.048102684 -0.047909293 0.987593591
2.400000 -0.021392934 0.019497471 -0.067517042 0.139488012 0.052637767 -0.051115796 0.987501681
2.466667 -0.022668635 0.017891608 -0.069513179 0.139581919 0.055610634 -0.053865153 0.987179279
2.533333 -0.023268279 0.016909532 -0.070738383 0.142773643 0.056840725 -0.054066595 0.986641586
2.600000 -0.024323843 0.016567361 -0.072099432 0.146049500 0.058330912 -0.054038458 0.986076534
2.666667 -0.025257429 0.014713751 -0.074731231 0.142315403 0.056772098 -0.056689590 0.986564577
2.733333 -0.026423564 0.013097212 -0.077659257 0.139453411 0.055939730 -0.057240423 0.986988902
2.800000 -0.025481882 0.012071023 -0.078407712 0.138106018 0.052153025 -0.055193618 0.987502158
2.866667 -0.026195074 0.010800638 -0.081450038 0.134618148 0.050302021 -0.053897761 0.988151193
2.933333 -0.024778673 0.011709340 -0.081682630 0.140768588 0.044472355 -0.057573989 0.987366021
3.000000 -0.025321653 0.010783427 -0.084946826 0.137765944 0.041628912 -0.062142927 0.987636507
3.066667 -0.025739687 0.009590299 -0.088127121 0.135167778 0.039414704 -0.059672073 0.988238513
3.133333 -0.026817041 0.006788975 -0.093243733 0.124644220 0.038386196 -0.063602969 0.989416540
3.200000 -0.026825024 0.003454803 -0.095773801 0.116147794 0.034456916 -0.057546332 0.990964592
3.266667 -0.026324492 0.002271904 -0.098035105 0.112654179 0.030153738 -0.057930101 0.991485715
3.333333 -0.025722310 0.001894047 -0.101979449 0.111616053 0.022640163 -0.056262054 0.991899133
3.400000 -0.026509922 -0.000921996 -0.108003363 0.099495374 0.014217792 -0.055941921 0.993362546
3.466667 -0.025632652 -0.004086326 -0.114416376 0.088898681 0.002827891 -0.052601576 0.994646728
3.533333 -0.024486195 -0.008198856 -0.120020203 0.076861478 -0.009137751 -0.051664691 0.995660365
3.600000 -0.025306167 -0.012050984 -0.124946393 0.066498727 -0.013467864 -0.047310807 0.996573269
3.666667 -0.024198268 -0.012730561 -0.127702013 0.067256197 -0.019670440 -0.045682788 0.996495247
3.733333 -0.024429511 -0.014715077 -0.131697148 0.063706681 -0.022334807 -0.047633108 0.996581018
3.800000 -0.021555187 -0.015704658 -0.134379759 0.064022712 -0.031790167 -0.048258942 0.996273875
3.866667 -0.019368237 -0.017182788 -0.137117282 0.062442236 -0.037085377 -0.049481284 0.996131182
3.933333 -0.016860742 -0.020248245 -0.144871473 0.056187928 -0.042866301 -0.052536171 0.996115148
4.000000 -0.016976362 -0.026257887 -0.155780837 0.039166123 -0.041870102 -0.053201552 0.996936619
4.066667 -0.018290913 -0.029477749 -0.160148501 0.032501053 -0.037663251 -0.054889612 0.997252345
4.133333 -0.017963110 -0.032796342 -0.164849326 0.024555456 -0.038591132 -0.051644340 0.997617483
4.200000 -0.016946606 -0.032897227 -0.166173756 0.025406301 -0.042844363 -0.047965664 0.997606218
4.266667 -0.016941596 -0.033562221 -0.168797567 0.025248373 -0.045249131 -0.047945462 0.997505069
4.333333 -0.017365415 -0.036932465 -0.175095037 0.015659949 -0.047166243 -0.048797708 0.997571528
4.400000 -0.017512677 -0.041482877 -0.180621192 0.003234477 -0.051780768 -0.047834314 0.997506976
4.466667 -0.018258145 -0.047256853 -0.188789144 -0.012776048 -0.055035625 -0.051028412 0.997097790
4.533333 -0.017954933 -0.054198138 -0.194740579 -0.032991320 -0.060296524 -0.050556544 0.996353328
4.600000 -0.015861830 -0.058530383 -0.199128449 -0.045889284 -0.069248803 -0.047623187 0.995404899
4.666667 -0.012440355 -0.062768266 -0.201520577 -0.058683757 -0.080918930 -0.043163307 0.994054973
4.733333 -0.011583094 -0.069655910 -0.203733400 -0.078383438 -0.083821282 -0.038528576 0.992645741
4.800000 -0.010430748 -0.072713554 -0.206048042 -0.083537169 -0.087683812 -0.036876075 0.991954267
4.866667 -0.009049003 -0.073715962 -0.207830176 -0.083181411 -0.092690051 -0.032711722 0.991675019
4.933333 -0.007473637 -0.076263331 -0.208827645 -0.086847447 -0.098997265 -0.027328581 0.990913868
5.000000 -0.006293572 -0.078289755 -0.211712092 -0.087855995 -0.100519978 -0.024301937 0.990750492
5.066667 -0.004615874 -0.082583152 -0.212628007 -0.101108462 -0.105712250 -0.021408334 0.989011467
5.133333 -0.004217935 -0.086293027 -0.216290772 -0.112602584 -0.105029143 -0.022398194 0.987819791
5.200000 -0.003009689 -0.093273133 -0.218605652 -0.131304964 -0.106063262 -0.020371843 0.985441327
5.266667 -0.002182075 -0.094667397 -0.219141528 -0.134172052 -0.107654452 -0.018366745 0.984921873
5.333333 -0.001547587 -0.096183948 -0.219612658 -0.135784820 -0.108943127 -0.021992166 0.984484732
5.400000 -0.001167397 -0.098412760 -0.220789894 -0.138624474 -0.109784901 -0.022496814 0.983983994
5.466667 -0.000695527 -0.101570033 -0.222445399 -0.146465346 -0.111123748 -0.023263531 0.982679129
5.533333 0.000628547 -0.105125204 -0.224914223 -0.151676372 -0.114540145 -0.019915290 0.981569290
5.600000 0.001916692 -0.106196672 -0.224965721 -0.150606856 -0.116812646 -0.014413456 0.981562376
5.666667 0.003638606 -0.106096767 -0.225959539 -0.140671730 -0.120523922 -0.009846190 0.982643664
5.733333 0.005860141 -0.108592331 -0.226824433 -0.141375035 -0.125320435 -0.005801068 0.981974661
5.800000 0.009017894 -0.117568716 -0.229958713 -0.162021473 -0.130522251 0.001164230 0.978116393
5.866667 0.011553713 -0.127900332 -0.235154495 -0.184205294 -0.133563191 0.002140876 0.973768353
5.933333 0.014114296 -0.143823773 -0.237733826 -0.224981546 -0.137139246 0.004021998 0.964655340
6.000000 0.016097985 -0.151436359 -0.238504142 -0.242534354 -0.140497595 0.006402856 0.959894001
6.066667 0.018509572 -0.155494645 -0.238850355 -0.249711797 -0.145659328 0.012800178 0.957216561
6.133333 0.018870821 -0.155784130 -0.238688350 -0.246018901 -0.144770563 0.017342320 0.958235621
6.200000 0.019992191 -0.160619900 -0.239441633 -0.254076034 -0.145295143 0.021924574 0.955957174
6.266667 0.022519743 -0.165624633 -0.240327477 -0.261641979 -0.150298834 0.027465526 0.952994943
6.333333 0.025966138 -0.173215330 -0.243619442 -0.273374021 -0.154797733 0.030420756 0.948882997
6.400000 0.029188162 -0.181293815 -0.243908778 -0.290058106 -0.157144651 0.033073857 0.943439424
6.466667 0.033416096 -0.192440242 -0.246273398 -0.311705709 -0.157131851 0.037969694 0.936326563
6.533333 0.037073329 -0.200803250 -0.252177238 -0.319433272 -0.151744545 0.039960783 0.934526145
6.600000 0.039029647 -0.206508800 -0.257536471 -0.321498543 -0.147409886 0.034010932 0.934747219
6.666667 0.038898095 -0.214527875 -0.261121184 -0.332474172 -0.137616917 0.023067892 0.932732761
6.733333 0.040242560 -0.220266521 -0.265590161 -0.338243693 -0.131034181 0.013688090 0.931790709
6.800000 0.040158387 -0.222558424 -0.267867327 -0.336515903 -0.123133183 0.011998632 0.933515608
6.866667 0.041941285 -0.222613335 -0.269918621 -0.324009329 -0.118537590 0.015801609 0.938465297
6.933333 0.044757832 -0.218327507 -0.274207890 -0.291768521 -0.121339731 0.012136465 0.948683560
7.000000 0.045089137 -0.217241466 -0.275284410 -0.268830270 -0.123326972 0.005923883 0.955241144
7.066667 0.045118861 -0.219420433 -0.273005277 -0.256431282 -0.126421958 -0.000029917 0.958259106
7.133333 0.046595536 -0.226687327 -0.270723492 -0.274861813 -0.124499895 -0.002444505 0.953385949
7.200000 0.047004577 -0.227852210 -0.271856844 -0.279132545 -0.117179655 -0.004501456 0.953065455
7.266667 0.047521528 -0.227908760 -0.272460669 -0.278561741 -0.117826685 -0.003225605 0.953157842
7.333333 0.047690209 -0.228440896 -0.272135705 -0.281758130 -0.117718197 -0.003536146 0.952230155
7.400000 0.047814324 -0.226694524 -0.271958977 -0.287219375 -0.116489910 -0.001413389 0.950753987
7.466667 0.047805622 -0.226600334 -0.272042662 -0.290570498 -0.115501933 -0.001776259 0.949855208
7.533333 0.048573572 -0.225485116 -0.273642361 -0.294873029 -0.115997620 -0.000711581 0.948469281
7.600000 0.047333695 -0.220805630 -0.275099784 -0.285367608 -0.115450136 -0.001694910 0.951437712
7.666667 0.049677033 -0.217467964 -0.277032524 -0.265269488 -0.125147671 0.002184922 0.956015348
7.733333 0.047056329 -0.218173042 -0.275664419 -0.256360233 -0.121874429 0.001105653 0.958866477
7.800000 0.043454818 -0.221043766 -0.275284827 -0.255859882 -0.117500670 -0.003309438 0.959540725
7.866667 0.037684083 -0.225535005 -0.276529938 -0.265214831 -0.106915794 -0.009374668 0.958197355
7.933333 0.028921911 -0.225767031 -0.278109282 -0.263142437 -0.092476331 -0.016756065 0.960168421
8.000000 0.024575602 -0.225144774 -0.283304632 -0.252008408 -0.080724284 -0.021096243 0.964121521
8.066667 0.020995796 -0.222646937 -0.288376153 -0.234505594 -0.075347602 -0.022458939 0.968930066
8.133333 0.022572558 -0.224068597 -0.289792299 -0.233277172 -0.081828006 -0.019198654 0.968771100
8.200000 0.023702264 -0.227987856 -0.292935431 -0.237889946 -0.084988363 -0.019199394 0.967376232
8.266667 0.025519237 -0.230162755 -0.293000162 -0.241789505 -0.085849933 -0.022499554 0.966261566
8.333333 0.027238974 -0.230401888 -0.293049604 -0.240907207 -0.084033340 -0.026389915 0.966543198
8.400000 0.029025165 -0.230921790 -0.295492023 -0.242539585 -0.082462698 -0.028836235 0.966200233
8.466667 0.024047192 -0.231956288 -0.299546152 -0.243670017 -0.065405585 -0.035411488 0.967002094
8.533333 0.025844146 -0.229813516 -0.304877311 -0.239459246 -0.064308681 -0.030379273 0.968297899
8.600000 0.024946719 -0.228623480 -0.305631846 -0.242922515 -0.059214719 -0.032681294 0.967684984
8.666667 0.023764163 -0.227968290 -0.307732821 -0.246395931 -0.058826126 -0.039387658 0.966580153
8.733333 0.023504052 -0.229481518 -0.309459060 -0.254607528 -0.061333373 -0.039768707 0.964277804
8.800000 0.021494202 -0.231856182 -0.312932789 -0.262968451 -0.056336205 -0.042499620 0.962220192
8.866667 0.017298141 -0.234009773 -0.319069624 -0.265589029 -0.046134170 -0.042423110 0.962046981
8.933333 0.010769115 -0.235325068 -0.323600173 -0.265006155 -0.032331552 -0.045213681 0.962643325
9.000000 0.010532575 -0.236485869 -0.325364292 -0.268933654 -0.034699745 -0.043564487 0.961547077
9.066667 0.011861488 -0.237969950 -0.327645063 -0.270709306 -0.040846150 -0.040087428 0.960958421
9.133333 0.016940996 -0.242161557 -0.329452783 -0.277666330 -0.054522384 -0.033940192 0.958528459
9.200000 0.021325704 -0.246128559 -0.331923306 -0.278754503 -0.063801885 -0.035443746 0.957584977
9.266667 0.023239020 -0.248744503 -0.337255538 -0.271692038 -0.062500887 -0.034501746 0.959732652
9.333333 0.025264906 -0.250627697 -0.342737913 -0.264522940 -0.063805655 -0.036891941 0.961558878
9.400000 0.023404969 -0.250852555 -0.349121600 -0.251984447 -0.057432286 -0.037560079 0.965295136
9.466667 0.024750371 -0.246944025 -0.352862269 -0.239478439 -0.059156340 -0.026985005 0.968722105
9.533333 0.025699900 -0.242306530 -0.354253501 -0.227683917 -0.061603114 -0.022002641 0.971535385
9.600000 0.024128336 -0.240779638 -0.355078489 -0.225879237 -0.058830015 -0.022197997 0.972123921
9.666667 0.023156729 -0.244100988 -0.355657071 -0.236086234 -0.058558237 -0.021505747 0.969727695
9.733333 0.019368555 -0.247736812 -0.358282864 -0.245999336 -0.050035231 -0.022946980 0.967705667
9.800000 0.017814351 -0.252433389 -0.360111505 -0.259184182 -0.046568424 -0.022148713 0.964450300
9.866667 0.017282065 -0.258380711 -0.362771690 -0.273511559 -0.046494357 -0.024103859 0.960441947
9.933333 0.016838767 -0.262810051 -0.365158111 -0.285182267 -0.045434419 -0.025658853 0.957051992
10.000000 0.017949140 -0.265822470 -0.366466433 -0.295182765 -0.051981047 -0.024112316 0.953720987
10.066667 0.019497925 -0.268137604 -0.368228436 -0.300318301 -0.057982765 -0.022352220 0.951812625
10.133333 0.020625094 -0.270384520 -0.373007387 -0.297745585 -0.061255261 -0.021472951 0.952435970
10.200000 0.026755221 -0.271691084 -0.375812232 -0.293989122 -0.080688313 -0.021885348 0.952145398
10.266667 0.026499502 -0.274644613 -0.378668278 -0.293309808 -0.084243834 -0.026657483 0.951925278
10.333333 0.023180656 -0.278555453 -0.381525010 -0.293457270 -0.077696621 -0.035267893 0.952156663
10.400000 0.022847963 -0.280048639 -0.383625865 -0.287248790 -0.079580165 -0.036164250 0.953859210
10.466667 0.021266833 -0.283491045 -0.386921287 -0.285210401 -0.075675286 -0.037963975 0.954718292
10.533333 0.021256417 -0.285326302 -0.393172503 -0.275847167 -0.072862104 -0.036035594 0.957758307
10.600000 0.024641715 -0.284048945 -0.398093671 -0.261257231 -0.081529468 -0.032053612 0.961285710
10.666667 0.029323569 -0.284571528 -0.400985599 -0.256960213 -0.094775379 -0.028678268 0.961335838
10.733333 0.036166884 -0.284540057 -0.405970544 -0.245942846 -0.111049488 -0.024742756 0.962584019
10.800000 0.035707965 -0.285372347 -0.405655354 -0.254722506 -0.106540434 -0.028094811 0.960716546
10.866667 0.034461949 -0.286075920 -0.408282340 -0.254788935 -0.099525675 -0.032625351 0.961307883
10.933333 0.033215754 -0.287861794 -0.411414862 -0.256131291 -0.091667600 -0.035210762 0.961641312
11.000000 0.031776212 -0.288698286 -0.415329665 -0.252689719 -0.084369935 -0.038410071 0.963096201
11.066667 0.030554771 -0.287687540 -0.420406252 -0.240400568 -0.080034368 -0.039615095 0.966557145
11.133333 0.030280475 -0.289533705 -0.421463251 -0.248649821 -0.082676314 -0.042037267 0.964142501
11.200000 0.029594893 -0.291143000 -0.424309492 -0.248423591 -0.079999037 -0.041504290 0.964449763
11.266667 0.029598709 -0.291577518 -0.429454029 -0.239466012 -0.079332642 -0.041580822 0.966764450
11.333333 0.026442338 -0.292957187 -0.438604325 -0.227435753 -0.067114003 -0.041821055 0.970577002
11.400000 0.027961221 -0.295118034 -0.442796350 -0.222762436 -0.070775628 -0.039498538 0.971497595
11.466667 0.028204702 -0.295153290 -0.448220313 -0.209761351 -0.070743926 -0.036963742 0.974489152
11.533333 0.030259062 -0.299235314 -0.453192115 -0.211583987 -0.075188883 -0.029871836 0.974005401
11.600000 0.033681594 -0.300492048 -0.456621140 -0.209447339 -0.085723802 -0.025887741 0.973710954
11.666667 0.036683187 -0.300290942 -0.457346886 -0.208966285 -0.093043059 -0.027811704 0.973089218
11.733333 0.038932662 -0.299056321 -0.463479519 -0.194960341 -0.094274327 -0.022948692 0.976000071
11.800000 0.042415060 -0.297415107 -0.464988142 -0.191548586 -0.101171233 -0.025267534 0.975927830
11.866667 0.042411052 -0.299612224 -0.468970388 -0.193289101 -0.095525585 -0.023883602 0.976188421
11.933333 0.044904433 -0.301424176 -0.473273814 -0.191217721 -0.101100415 -0.022558810 0.976066411
12.000000 0.046674948 -0.301320970 -0.474513769 -0.188233569 -0.106694810 -0.020427620 0.976097882
12.066667 0.048093323 -0.302264988 -0.476728261 -0.186237291 -0.111476384 -0.017053731 0.976011217
12.133333 0.045922726 -0.305125654 -0.483639568 -0.185413107 -0.103320889 -0.019106764 0.977026999
12.200000 0.047695547 -0.304642618 -0.486520439 -0.178959653 -0.110927187 -0.018402679 0.977409840
12.266667 0.050548479 -0.305348754 -0.487617910 -0.178782925 -0.123203203 -0.015561257 0.976020277
12.333333 0.051683426 -0.305551499 -0.488024473 -0.179748163 -0.128478572 -0.015731303 0.975159705
12.400000 0.050475877 -0.304746926 -0.493622571 -0.169436425 -0.120077804 -0.018031331 0.978032470
12.466667 0.049647272 -0.308052778 -0.498703897 -0.174883172 -0.111213766 -0.022611322 0.978026628
12.533333 0.049210802 -0.310297221 -0.503684461 -0.173439473 -0.104641780 -0.024930350 0.978952169
12.600000 0.049568437 -0.310554951 -0.508152902 -0.164278999 -0.104919046 -0.021977814 0.980571985
12.666667 0.050928168 -0.313732266 -0.511799097 -0.166553125 -0.109400913 -0.021065272 0.979718208
12.733333 0.051029272 -0.319890678 -0.516555667 -0.178381920 -0.107146911 -0.019116774 0.977923334
12.800000 0.053824868 -0.324067086 -0.520444274 -0.186322808 -0.111506157 -0.017501127 0.975983560
12.866667 0.054374956 -0.324472040 -0.519666016 -0.190212056 -0.109795585 -0.017700583 0.975423515
12.933333 0.052807041 -0.324139237 -0.519383311 -0.191032410 -0.102498181 -0.018421138 0.976043820
13.000000 0.053242024 -0.324151814 -0.517875254 -0.196595073 -0.097310327 -0.017384892 0.975489020
13.066667 0.051941846 -0.327156603 -0.519567907 -0.204160735 -0.092182845 -0.017396078 0.974432230
13.133333 0.051150363 -0.327675551 -0.522816837 -0.200123847 -0.090502240 -0.018922366 0.975398302
13.200000 0.052125096 -0.327936709 -0.525310159 -0.197809666 -0.096286044 -0.017231762 0.975347817
13.266667 0.053075828 -0.330018759 -0.527852654 -0.200588658 -0.102113679 -0.015959829 0.974208593
13.333333 0.056208726 -0.331130594 -0.530268371 -0.202571630 -0.115993716 -0.014864949 0.972259879
13.400000 0.058550462 -0.332022876 -0.532325327 -0.203911722 -0.122997940 -0.012346261 0.971153498
13.466667 0.058622561 -0.332692504 -0.536198139 -0.202289417 -0.120418407 -0.016107554 0.971760750
13.533333 0.055194877 -0.335810453 -0.541037261 -0.204587787 -0.105305068 -0.029107498 0.972731948
13.600000 0.051908597 -0.339093417 -0.547503173 -0.204456538 -0.088500343 -0.036154974 0.974196136
13.666667 0.048136763 -0.341771066 -0.554050446 -0.203677163 -0.068697408 -0.041002359 0.975763857
13.733333 0.043929830 -0.342335582 -0.561799884 -0.192694426 -0.051943962 -0.044186976 0.978886247
13.800000 0.042531554 -0.342717618 -0.567079008 -0.186226368 -0.046442293 -0.044143282 0.980415344
13.866667 0.042493656 -0.343474448 -0.569380879 -0.185305580 -0.044237837 -0.043747824 0.980709493
13.933333 0.040758219 -0.343246847 -0.573177338 -0.178626984 -0.032786395 -0.042518452 0.982450843
14.000000 0.040170051 -0.348301768 -0.573784351 -0.197280750 -0.027494604 -0.045904618 0.978885710
14.066667 0.039045695 -0.350018203 -0.576505184 -0.198768079 -0.018633027 -0.048079018 0.978689194
14.133333 0.036714248 -0.347571433 -0.580007613 -0.181438819 -0.003983123 -0.037749376 0.982669413
14.200000 0.041364249 -0.344607651 -0.579046607 -0.168175265 -0.017379787 -0.011755111 0.985533774
14.266667 0.041156348 -0.349133223 -0.581375301 -0.180902243 -0.014525814 0.002207932 0.983391404
14.333333 0.060686287 -0.347467244 -0.586811125 -0.174218088 -0.081731223 0.011969774 0.981236398
14.333333 0.060686287 -0.347467244 -0.586811125 -0.174218088 -0.081731223 0.011969774 0.981236398
14.333333 0.060686287 -0.347467244 -0.586811125 -0.174218088 -0.081731223 0.011969774 0.981236398
14.333333 0.060686287 -0.347467244 -0.586811125 -0.174218088 -0.081731223 0.011969774 0.981236398
14.333333 0.060686287 -0.347467244 -0.586811125 -0.174218088 -0.081731223 0.011969774 0.981236398
14.333333 0.060686287 -0.347467244 -0.586811125 -0.174218088 -0.081731223 0.011969774 0.981236398
14.333333 0.060686287 -0.347467244 -0.586811125 -0.174218088 -0.081731223 0.011969774 0.981236398
14.333333 0.060686287 -0.347467244 -0.586811125 -0.174218088 -0.081731223 0.011969774 0.981236398
14.333333 0.060686287 -0.347467244 -0.586811125 -0.174218088 -0.081731223 0.011969774 0.981236398
14.333333 0.060686287 -0.347467244 -0.586811125 -0.174218088 -0.081731223 0.011969774 0.981236398
14.333333 0.060686287 -0.347467244 -0.586811125 -0.174218088 -0.081731223 0.011969774 0.981236398
14.333333 0.060686287 -0.347467244 -0.586811125 -0.174218088 -0.081731223 0.011969774 0.981236398
14.333333 0.060686287 -0.347467244 -0.586811125 -0.174218088 -0.081731223 0.011969774 0.981236398
14.333333 0.060686287 -0.347467244 -0.586811125 -0.174218088 -0.081731223 0.011969774 0.981236398
14.333333 0.060686287 -0.347467244 -0.586811125 -0.174218088 -0.081731223 0.011969774 0.981236398
14.333333 0.060686287 -0.347467244 -0.586811125 -0.174218088 -0.081731223 0.011969774 0.981236398
14.333333 0.060686287 -0.347467244 -0.586811125 -0.174218088 -0.081731223 0.011969774 0.981236398
14.333333 0.060686287 -0.347467244 -0.586811125 -0.174218088 -0.081731223 0.011969774 0.981236398
14.333333 0.060686287 -0.347467244 -0.586811125 -0.174218088 -0.081731223 0.011969774 0.981236398
14.333333 0.060686287 -0.347467244 -0.586811125 -0.174218088 -0.081731223 0.011969774 0.981236398
14.333333 0.060686287 -0.347467244 -0.586811125 -0.174218088 -0.081731223 0.011969774 0.981236398
14.333333 0.060686287 -0.347467244 -0.586811125 -0.174218088 -0.081731223 0.011969774 0.981236398
14.333333 0.060686287 -0.347467244 -0.586811125 -0.174218088 -0.081731223 0.011969774 0.981236398
14.333333 0.060686287 -0.347467244 -0.586811125 -0.174218088 -0.081731223 0.011969774 0.981236398
14.333333 0.060686287 -0.347467244 -0.586811125 -0.174218088 -0.081731223 0.011969774 0.981236398
14.333333 0.060686287 -0.347467244 -0.586811125 -0.174218088 -0.081731223 0.011969774 0.981236398
14.333333 0.060686287 -0.347467244 -0.586811125 -0.174218088 -0.081731223 0.011969774 0.981236398
14.333333 0.060686287 -0.347467244 -0.586811125 -0.174218088 -0.081731223 0.011969774 0.981236398
14.333333 0.060686287 -0.347467244 -0.586811125 -0.174218088 -0.081731223 0.011969774 0.981236398
14.333333 0.060686287 -0.347467244 -0.586811125 -0.174218088 -0.081731223 0.011969774 0.981236398
14.333333 0.060686287 -0.347467244 -0.586811125 -0.174218088 -0.081731223 0.011969774 0.981236398
14.333333 0.060686287 -0.347467244 -0.586811125 -0.174218088 -0.081731223 0.011969774 0.981236398
14.333333 0.060686287 -0.347467244 -0.586811125 -0.174218088 -0.081731223 0.011969774 0.981236398
