0.000000 0.000000000 0.000000000 0.000000000 -0.000000000 -0.000000000 -0.000000000 1.000000000
0.066667 -0.000291852 0.002372559 -0.002669526 0.011656269 0.000330272 -0.000802036 0.999931693
0.133333 0.000104725 0.002381622 -0.003377148 0.011949929 -0.001709073 -0.000175992 0.999927163
0.200000 0.001188334 0.003276147 -0.004803352 0.016639143 -0.006744416 -0.000845800 0.999838471
0.266667 0.001095833 0.005073142 -0.006098708 0.024186065 -0.006918799 -0.001895103 0.999681771
0.333333 0.000546657 0.006957139 -0.007341140 0.033993416 -0.005464465 -0.003343630 0.999401510
0.400000 -0.000142495 0.008507801 -0.010418902 0.041600645 -0.003498355 -0.005601387 0.999112546
0.466667 -0.000730144 0.011803630 -0.011757584 0.055885360 -0.000782069 -0.009543705 0.998391330
0.533333 -0.002393561 0.016782630 -0.015192603 0.080010824 0.005060708 -0.014543572 0.996675074
0.600000 -0.004269148 0.020168690 -0.018926926 0.095774002 0.011378795 -0.020406546 0.995128870
0.666667 -0.006134881 0.022439249 -0.021901431 0.106540889 0.017296765 -0.022088306 0.993912458
0.733333 -0.007401632 0.022202780 -0.025912562 0.108407758 0.019883428 -0.022879101 0.993644297
0.800000 -0.007955071 0.022741245 -0.028463507 0.113011308 0.020816997 -0.021606233 0.993140638
0.866667 -0.009105499 0.024059877 -0.030187258 0.119260557 0.024512257 -0.025374340 0.992236018
0.933333 -0.010360047 0.026061842 -0.031251773 0.124606207 0.028152397 -0.025892623 0.991468787
1.000000 -0.010691591 0.026411062 -0.031566661 0.125546306 0.028443186 -0.025808169 0.991344094
1.066667 -0.008334779 0.021809096 -0.035264876 0.109391890 0.020282537 -0.024876274 0.993480384
1.133333 -0.009744483 0.023193873 -0.035225231 0.117337011 0.026281198 -0.025628844 0.992413461
1.200000 -0.010595023 0.023320956 -0.036487166 0.118723042 0.029070260 -0.028302573 0.992098153
1.266667 -0.011216282 0.021993039 -0.038294178 0.116567291 0.031773116 -0.031076334 0.992187917
1.333333 -0.012689491 0.020954756 -0.040653165 0.119432896 0.035886377 -0.033226434 0.991637051
1.400000 -0.014085324 0.020756850 -0.043100018 0.125489101 0.040352259 -0.036412977 0.990605056
1.466667 -0.014790433 0.021915585 -0.045103148 0.131926954 0.042764150 -0.040206082 0.989520073
1.533333 -0.015321855 0.022425363 -0.046589628 0.132992148 0.043480806 -0.040567406 0.989331484
1.600000 -0.014574192 0.022335831 -0.047529340 0.132773966 0.039669748 -0.038579915 0.989600420
1.666667 -0.014709780 0.022018611 -0.048426501 0.130761996 0.039009485 -0.037432093 0.989938617
1.733333 -0.014736606 0.022426954 -0.048892088 0.130260661 0.038805813 -0.037633050 0.990005076
1.800000 -0.014592113 0.022685986 -0.048920058 0.130689740 0.038256787 -0.037712418 0.989966869
1.866667 -0.013966429 0.022603506 -0.049646594 0.129895613 0.035065003 -0.036845528 0.990222216
1.933333 -0.013679662 0.022441601 -0.050497703 0.129867539 0.033154260 -0.034954108 0.990360260
2.000000 -0.014423205 0.021487253 -0.052151326 0.127906293 0.034821160 -0.034595769 0.990570843
2.066667 -0.014843408 0.020405104 -0.053041376 0.125330284 0.036222842 -0.033035256 0.990903080
2.133333 -0.014616396 0.018124247 -0.054695562 0.122765049 0.033648524 -0.032023519 0.991348088
2.200000 -0.015067900 0.017672850 -0.054996334 0.126324326 0.035583440 -0.033389736 0.990788102
2.266667 -0.014894048 0.016123861 -0.055133767 0.124938883 0.034783032 -0.033579905 0.990985811
2.333333 -0.016182592 0.014137746 -0.056130782 0.125695392 0.038149092 -0.038288228 0.990595460
2.400000 -0.017238224 0.012474569 -0.057982493 0.125383660 0.040764436 -0.041648652 0.990395188
2.466667 -0.018434515 0.009885212 -0.061134472 0.122998297 0.043147296 -0.043595519 0.990509570
2.533333 -0.019588420 0.007925893 -0.064008757 0.123394556 0.045403421 -0.043622877 0.990358174
2.600000 -0.020741902 0.006678607 -0.065986775 0.123795204 0.046969987 -0.043959681 0.990220249
2.666667 -0.021011390 0.005556636 -0.067488588 0.123507164 0.046095315 -0.046905559 0.990162134
2.733333 -0.020735288 0.006142769 -0.068562217 0.128281295 0.043466993 -0.051940151 0.989422441
2.800000 -0.020379074 0.004577489 -0.069808856 0.124939270 0.040730264 -0.049904730 0.990071058
2.866667 -0.020930763 0.004199966 -0.072131619 0.125152722 0.038764637 -0.048800565 0.990178049
2.933333 -0.021711370 0.003271016 -0.074207462 0.125089109 0.039034072 -0.050968815 0.990066290
3.000000 -0.023447916 0.000758357 -0.078814112 0.117353007 0.039649025 -0.054504756 0.990800440
3.066667 -0.023787402 -0.001550053 -0.081435859 0.111044258 0.037738692 -0.051167499 0.991779625
3.133333 -0.023630852 -0.005956151 -0.085640900 0.098189808 0.032284562 -0.050793532 0.993346095
3.200000 -0.023224220 -0.009078653 -0.087921403 0.089986816 0.027671771 -0.044855710 0.994547427
3.266667 -0.022802047 -0.011652624 -0.089904532 0.084348872 0.023274828 -0.041776292 0.995288074
3.333333 -0.021834034 -0.012462229 -0.093599856 0.081616946 0.014138146 -0.040538158 0.995738626
3.400000 -0.021531085 -0.013263809 -0.098383680 0.074869506 0.003400174 -0.045306887 0.996157765
3.466667 -0.019816618 -0.016856596 -0.104410522 0.063938655 -0.010168561 -0.041662563 0.997031927
3.533333 -0.018598197 -0.021704474 -0.109941527 0.051865749 -0.021120489 -0.037905004 0.997710943
3.600000 -0.017249253 -0.025503425 -0.114928059 0.042997129 -0.032636765 -0.031431250 0.998047173
3.666667 -0.014765012 -0.026177192 -0.117253542 0.043904282 -0.043015968 -0.027548835 0.997729003
3.733333 -0.013612079 -0.028027017 -0.121642783 0.042280819 -0.050007347 -0.028221970 0.997454345
3.800000 -0.009257345 -0.028994303 -0.124713421 0.042953566 -0.063265324 -0.027514124 0.996692240
3.866667 -0.006525632 -0.030769274 -0.127309754 0.040941693 -0.069180124 -0.029710384 0.996320844
3.933333 -0.003361749 -0.033625130 -0.134628952 0.036095880 -0.074628644 -0.030372590 0.996094942
4.000000 -0.001416215 -0.040647924 -0.144134417 0.016446646 -0.075371914 -0.030773330 0.996544838
4.066667 -0.002902511 -0.044494972 -0.148395211 0.007777757 -0.069772340 -0.035441063 0.996902883
4.133333 -0.003072150 -0.048963428 -0.153614476 -0.002771138 -0.067320615 -0.033351589 0.997169971
4.200000 -0.002473088 -0.049273528 -0.154868007 -0.002412608 -0.069990642 -0.029600373 0.997105479
4.266667 -0.001877809 -0.050823666 -0.157289162 -0.004518757 -0.073312297 -0.029016320 0.996876597
4.333333 -0.001914146 -0.054555364 -0.162939847 -0.015214574 -0.075592279 -0.031346187 0.996529877
4.400000 -0.000964546 -0.060124047 -0.168449923 -0.029232467 -0.082273826 -0.031073177 0.995696187
4.466667 0.000390881 -0.067622177 -0.174531400 -0.049584877 -0.089588583 -0.029613756 0.994302869
4.533333 0.002549431 -0.074430637 -0.179253697 -0.068226576 -0.099693313 -0.029056534 0.992251039
4.600000 0.005536968 -0.079658061 -0.183064908 -0.082734115 -0.109910250 -0.025604948 0.990161240
4.666667 0.009130056 -0.086280525 -0.186922848 -0.098904237 -0.119183861 -0.019938940 0.987732530
4.733333 0.009415260 -0.093635395 -0.190387651 -0.116461314 -0.118672788 -0.018222878 0.985911489
4.800000 0.010770922 -0.097167253 -0.192657143 -0.121895313 -0.122109003 -0.016518787 0.984864533
4.866667 0.012619063 -0.098046720 -0.195146084 -0.119043618 -0.127709568 -0.013212378 0.984552860
4.933333 0.014734715 -0.100210726 -0.197816610 -0.119250208 -0.134124294 -0.008851534 0.983723402
5.000000 0.015639305 -0.102616265 -0.200688258 -0.121843882 -0.134942189 -0.010404935 0.983278394
5.066667 0.015822984 -0.106894344 -0.201842725 -0.133319795 -0.134714842 -0.009559787 0.981828094
5.133333 0.016625289 -0.113125153 -0.206085220 -0.150070116 -0.133877799 -0.012784026 0.979485750
5.200000 0.017969107 -0.119963259 -0.207533479 -0.168511331 -0.134661496 -0.010936595 0.976396739
5.266667 0.018612387 -0.121146202 -0.208046779 -0.170518413 -0.135375366 -0.009552122 0.975964010
5.333333 0.019249931 -0.122470640 -0.208077341 -0.173166573 -0.135858446 -0.011049345 0.975414693
5.400000 0.019560339 -0.124710791 -0.207960725 -0.179438978 -0.135954320 -0.010454156 0.974273503
5.466667 0.019753233 -0.128104612 -0.207916453 -0.190641493 -0.135977760 -0.010822401 0.972136199
5.533333 0.020359617 -0.131163359 -0.209108949 -0.197068140 -0.137443796 -0.010757101 0.970648050
5.600000 0.021298300 -0.132136196 -0.208338663 -0.198581532 -0.139215097 -0.009290886 0.970102191
5.666667 0.022703407 -0.132484853 -0.207217798 -0.197239175 -0.142191663 -0.005412153 0.969973683
5.733333 0.025521148 -0.132211968 -0.208037674 -0.190806419 -0.148026973 0.001299817 0.970401585
5.800000 0.027438372 -0.136466488 -0.210241079 -0.199250519 -0.148121774 0.014944970 0.968574107
5.866667 0.032080214 -0.144936904 -0.212920189 -0.217257082 -0.154374793 0.029382570 0.963381827
5.933333 0.036475394 -0.157015502 -0.214499012 -0.248496518 -0.158655867 0.042786360 0.954592645
6.000000 0.040798485 -0.161550701 -0.215625778 -0.256621867 -0.166972771 0.052679602 0.950520992
6.066667 0.044697385 -0.165429547 -0.216091156 -0.261843979 -0.176179081 0.061776314 0.946880341
6.133333 0.047336061 -0.168191344 -0.215377524 -0.264692545 -0.180341437 0.072122559 0.944570363
6.200000 0.049267784 -0.172498524 -0.216332734 -0.271062672 -0.180911988 0.080095574 0.942008853
6.266667 0.052558221 -0.177250803 -0.216833323 -0.279314011 -0.185858220 0.087608941 0.937957942
6.333333 0.056072298 -0.182831764 -0.218888819 -0.288550794 -0.190549985 0.086993821 0.934270442
6.400000 0.059173465 -0.188318536 -0.218951225 -0.300655633 -0.192040876 0.087356023 0.930105031
6.466667 0.063822471 -0.197979048 -0.221661165 -0.317885548 -0.191365689 0.088139683 0.924423814
6.533333 0.067118734 -0.204718351 -0.227534398 -0.322793096 -0.181777552 0.087065704 0.924760044
6.600000 0.070035957 -0.211733669 -0.231389478 -0.331803888 -0.178089365 0.081223615 0.922818005
6.666667 0.072019570 -0.219353974 -0.234843642 -0.342042893 -0.172518671 0.074543804 0.920699298
6.733333 0.074436769 -0.225200728 -0.238969713 -0.348051429 -0.167348385 0.065018117 0.920123577
6.800000 0.074979566 -0.228414029 -0.240966588 -0.349299014 -0.160406634 0.062012706 0.921094120
6.866667 0.076872379 -0.228509679 -0.242652327 -0.336887270 -0.155983165 0.065501973 0.926221251
6.933333 0.077939123 -0.224626601 -0.245786071 -0.307737231 -0.156067058 0.051864766 0.937150478
7.000000 0.089314207 -0.210956961 -0.253652722 -0.226821944 -0.200946644 0.008416933 0.952943563
7.000000 0.089314207 -0.210956961 -0.253652722 -0.226821944 -0.200946644 0.008416933 0.952943563
7.000000 0.089314207 -0.210956961 -0.253652722 -0.226821944 -0.200946644 0.008416933 0.952943563
7.000000 0.089314207 -0.210956961 -0.253652722 -0.226821944 -0.200946644 0.008416933 0.952943563
7.000000 0.089314207 -0.210956961 -0.253652722 -0.226821944 -0.200946644 0.008416933 0.952943563
7.000000 0.089314207 -0.210956961 -0.253652722 -0.226821944 -0.200946644 0.008416933 0.952943563
7.000000 0.089314207 -0.210956961 -0.253652722 -0.226821944 -0.200946644 0.008416933 0.952943563
7.000000 0.089314207 -0.210956961 -0.253652722 -0.226821944 -0.200946644 0.008416933 0.952943563
7.000000 0.089314207 -0.210956961 -0.253652722 -0.226821944 -0.200946644 0.008416933 0.952943563
7.000000 0.089314207 -0.210956961 -0.253652722 -0.226821944 -0.200946644 0.008416933 0.952943563
7.000000 0.089314207 -0.210956961 -0.253652722 -0.226821944 -0.200946644 0.008416933 0.952943563
7.000000 0.089314207 -0.210956961 -0.253652722 -0.226821944 -0.200946644 0.008416933 0.952943563
7.000000 0.089314207 -0.210956961 -0.253652722 -0.226821944 -0.200946644 0.008416933 0.952943563
7.000000 0.089314207 -0.210956961 -0.253652722 -0.226821944 -0.200946644 0.008416933 0.952943563
7.000000 0.089314207 -0.210956961 -0.253652722 -0.226821944 -0.200946644 0.008416933 0.952943563
7.000000 0.089314207 -0.210956961 -0.253652722 -0.226821944 -0.200946644 0.008416933 0.952943563
7.000000 0.089314207 -0.210956961 -0.253652722 -0.226821944 -0.200946644 0.008416933 0.952943563
7.000000 0.089314207 -0.210956961 -0.253652722 -0.226821944 -0.200946644 0.008416933 0.952943563
7.000000 0.089314207 -0.210956961 -0.253652722 -0.226821944 -0.200946644 0.008416933 0.952943563
7.000000 0.089314207 -0.210956961 -0.253652722 -0.226821944 -0.200946644 0.008416933 0.952943563
7.000000 0.089314207 -0.210956961 -0.253652722 -0.226821944 -0.200946644 0.008416933 0.952943563
7.000000 0.089314207 -0.210956961 -0.253652722 -0.226821944 -0.200946644 0.008416933 0.952943563
7.000000 0.089314207 -0.210956961 -0.253652722 -0.226821944 -0.200946644 0.008416933 0.952943563
7.000000 0.089314207 -0.210956961 -0.253652722 -0.226821944 -0.200946644 0.008416933 0.952943563
7.000000 0.089314207 -0.210956961 -0.253652722 -0.226821944 -0.200946644 0.008416933 0.952943563
7.000000 0.089314207 -0.210956961 -0.253652722 -0.226821944 -0.200946644 0.008416933 0.952943563
7.000000 0.089314207 -0.210956961 -0.253652722 -0.226821944 -0.200946644 0.008416933 0.952943563
7.000000 0.089314207 -0.210956961 -0.253652722 -0.226821944 -0.200946644 0.008416933 0.952943563
7.000000 0.089314207 -0.210956961 -0.253652722 -0.226821944 -0.200946644 0.008416933 0.952943563
7.000000 0.089314207 -0.210956961 -0.253652722 -0.226821944 -0.200946644 0.008416933 0.952943563
7.000000 0.089314207 -0.210956961 -0.253652722 -0.226821944 -0.200946644 0.008416933 0.952943563
7.000000 0.089314207 -0.210956961 -0.253652722 -0.226821944 -0.200946644 0.008416933 0.952943563
7.000000 0.089314207 -0.210956961 -0.253652722 -0.226821944 -0.200946644 0.008416933 0.952943563
7.000000 0.089314207 -0.210956961 -0.253652722 -0.226821944 -0.200946644 0.008416933 0.952943563
7.000000 0.089314207 -0.210956961 -0.253652722 -0.226821944 -0.200946644 0.008416933 0.952943563
7.000000 0.089314207 -0.210956961 -0.253652722 -0.226821944 -0.200946644 0.008416933 0.952943563
7.000000 0.089314207 -0.210956961 -0.253652722 -0.226821944 -0.200946644 0.008416933 0.952943563
7.000000 0.089314207 -0.210956961 -0.253652722 -0.226821944 -0.200946644 0.008416933 0.952943563
7.000000 0.089314207 -0.210956961 -0.253652722 -0.226821944 -0.200946644 0.008416933 0.952943563
7.000000 0.089314207 -0.210956961 -0.253652722 -0.226821944 -0.200946644 0.008416933 0.952943563
7.000000 0.089314207 -0.210956961 -0.253652722 -0.226821944 -0.200946644 0.008416933 0.952943563
7.000000 0.089314207 -0.210956961 -0.253652722 -0.226821944 -0.200946644 0.008416933 0.952943563
7.000000 0.089314207 -0.210956961 -0.253652722 -0.226821944 -0.200946644 0.008416933 0.952943563
7.000000 0.089314207 -0.210956961 -0.253652722 -0.226821944 -0.200946644 0.008416933 0.952943563
7.000000 0.089314207 -0.210956961 -0.253652722 -0.226821944 -0.200946644 0.008416933 0.952943563
7.000000 0.089314207 -0.210956961 -0.253652722 -0.226821944 -0.200946644 0.008416933 0.952943563
10.133333 0.000000000 0.000000000 0.000000000 -0.000000000 -0.000000000 -0.000000000 1.000000000
10.200000 -0.000307912 -0.001885829 -0.002003030 -0.008222914 0.006843017 -0.001387191 0.999941826
10.266667 -0.005167237 -0.006639379 -0.003524870 -0.024959272 0.023905896 -0.004574008 0.999392152
10.333333 -0.009659255 -0.010425378 -0.004558714 -0.035431549 0.038234912 -0.009508534 0.998595178
10.400000 -0.011533988 -0.014256835 -0.005843251 -0.044011652 0.042806942 -0.008409685 0.998078108
10.466667 -0.019436451 -0.017582869 -0.007849947 -0.051925991 0.071574047 -0.010794358 0.996024311
10.533333 -0.022379909 -0.015168431 -0.012522968 -0.038710520 0.080473304 -0.009928498 0.995955348
10.600000 -0.021705376 -0.009974697 -0.016183818 -0.017242430 0.078042261 -0.012486244 0.996722758
10.666667 -0.019956376 -0.005964172 -0.019480780 -0.003607854 0.072177984 -0.019177139 0.997200906
10.733333 -0.017413955 -0.005495295 -0.021755463 -0.002138927 0.067821436 -0.023246353 0.997424364
10.800000 -0.018136369 -0.006821691 -0.021581279 -0.014726091 0.073684216 -0.027897898 0.996782601
10.866667 -0.017619785 -0.006868038 -0.024999546 -0.016872155 0.067529388 -0.031710565 0.997070491
10.933333 -0.017243799 -0.006537382 -0.028251844 -0.015303803 0.063229732 -0.031364266 0.997388661
11.000000 -0.017758043 -0.004425536 -0.031602770 -0.006948708 0.062702909 -0.032976467 0.997463107
11.066667 -0.019253463 -0.004444925 -0.034861196 -0.008053648 0.064418793 -0.033053640 0.997342885
11.133333 -0.020359481 -0.004734189 -0.036353428 -0.013719860 0.063888289 -0.035345595 0.997236550
11.200000 -0.021148326 -0.004497523 -0.039004385 -0.010895743 0.062962249 -0.034174882 0.997371137
11.266667 -0.021539545 -0.003190416 -0.043253336 -0.002552796 0.060132615 -0.033291854 0.997631848
11.333333 -0.023672501 0.001144602 -0.049845565 0.019379376 0.063321456 -0.034539975 0.997207046
11.400000 -0.020728927 0.002288685 -0.055124149 0.029402167 0.047008868 -0.033602215 0.997896075
11.466667 -0.020655438 0.002961799 -0.059468333 0.036822330 0.040877953 -0.029156584 0.998059630
11.533333 -0.018779159 0.004394979 -0.064389542 0.046856984 0.029634094 -0.024766697 0.998154759
11.600000 -0.016814362 0.006779727 -0.066850916 0.057246193 0.019965481 -0.022619745 0.997904122
11.666667 -0.014221088 0.006840693 -0.067713171 0.055755839 0.013920113 -0.028321255 0.997945607
11.733333 -0.013388555 0.010038600 -0.071366400 0.068349510 0.012172983 -0.026370350 0.997238576
11.800000 -0.011452620 0.011800795 -0.072151579 0.070813209 0.009724868 -0.031702403 0.996938288
11.866667 -0.012618779 0.011210163 -0.075294122 0.065168150 0.016157113 -0.030375151 0.997281015
11.933333 -0.012340435 0.012376902 -0.079705127 0.069052517 0.015738402 -0.032880794 0.996946812
12.000000 -0.010527243 0.012466581 -0.081001073 0.068818606 0.006659226 -0.032892901 0.997064531
12.066667 -0.008483139 0.012685730 -0.083300821 0.071341358 -0.004570253 -0.031097565 0.996956646
12.133333 -0.012157010 0.011344970 -0.089011878 0.064168021 0.004905488 -0.028980922 0.997506142
12.200000 -0.011585002 0.012665711 -0.090587288 0.069109678 0.000938330 -0.032727640 0.997071624
12.266667 -0.009795426 0.012933253 -0.092176996 0.069815695 -0.009278817 -0.032793444 0.996977627
12.333333 -0.009560894 0.013431920 -0.092726387 0.070199236 -0.011471666 -0.033294082 0.996911228
12.400000 -0.012242639 0.012618920 -0.095832638 0.064799055 -0.000222810 -0.034608532 0.997298002
12.466667 -0.014846420 0.010739802 -0.100651950 0.053774349 0.012264811 -0.034580965 0.997878790
12.533333 -0.017325308 0.006917019 -0.104368515 0.036673661 0.023905423 -0.032976802 0.998496950
12.600000 -0.019819818 0.005524484 -0.107028693 0.032527644 0.032395914 -0.030008443 0.998494864
12.666667 -0.020460613 0.004304787 -0.110060908 0.029211530 0.032798830 -0.029895891 0.998587608
12.733333 -0.021277847 -0.000983142 -0.114797361 0.009776037 0.032916866 -0.025987478 0.999072373
12.800000 -0.019767659 -0.003355429 -0.119021602 -0.000277497 0.027239066 -0.024917563 0.999318302
12.866667 -0.019202048 -0.002475619 -0.118777663 0.002535422 0.029266013 -0.025051612 0.999254465
12.933333 -0.020382484 -0.002461213 -0.117972948 0.001373129 0.035766713 -0.023614215 0.999080241
13.000000 -0.018666660 -0.002516448 -0.116976634 -0.001645506 0.036905095 -0.021278104 0.999090910
13.066667 -0.021096444 -0.003730251 -0.119099095 -0.006475303 0.045141160 -0.019968523 0.998760045
13.133333 -0.021680899 -0.003878916 -0.121479951 -0.006573899 0.043661848 -0.020768655 0.998808861
13.200000 -0.021788865 -0.002929450 -0.123822361 -0.002778354 0.039338470 -0.020116316 0.999019563
13.266667 -0.021403726 -0.003719041 -0.126350582 -0.005915347 0.032359101 -0.019760948 0.999263465
13.333333 -0.018736651 -0.004141670 -0.129416689 -0.010104081 0.016922131 -0.021479795 0.999575019
13.400000 -0.016646503 -0.004028068 -0.132043540 -0.010177643 0.007447359 -0.020133933 0.999717772
13.466667 -0.017267527 -0.004251120 -0.135380208 -0.012023998 0.009737729 -0.021864494 0.999641240
13.533333 -0.023204761 -0.003912734 -0.139726877 -0.009938996 0.033474889 -0.030544089 0.998923302
13.600000 -0.028900456 -0.001915329 -0.144559622 0.000368096 0.056157239 -0.034368783 0.997830153
13.666667 -0.033466227 -0.002042742 -0.149975583 0.002225599 0.074432418 -0.032215331 0.996703088
13.733333 -0.037730388 -0.004873608 -0.154779151 -0.009489678 0.086462341 -0.031639360 0.995707393
13.800000 -0.039333522 -0.007592903 -0.159161955 -0.022439579 0.088246591 -0.031108538 0.995359898
13.866667 -0.039326169 -0.008781583 -0.160759538 -0.026962696 0.088564277 -0.029054008 0.995281518
13.933333 -0.039561406 -0.011399523 -0.163975179 -0.038494062 0.090376332 -0.026086571 0.994821548
14.000000 -0.040090892 -0.012971530 -0.166081563 -0.045949318 0.094145440 -0.026322421 0.994149089
14.066667 -0.040180750 -0.017275739 -0.168913022 -0.064785115 0.094907843 -0.024268882 0.993079245
14.133333 -0.040735729 -0.020071000 -0.172908336 -0.076737881 0.097624741 -0.021744709 0.992022097
14.200000 -0.041782811 -0.020955423 -0.176885724 -0.084582657 0.102357805 -0.022663919 0.990885973
14.266667 -0.045760386 -0.024421353 -0.179437518 -0.107890330 0.117919281 -0.029208520 0.986712575
14.333333 -0.051359072 -0.029172603 -0.181656659 -0.134308696 0.136319965 -0.027656838 0.981128514
14.400000 -0.052334845 -0.032199163 -0.182223231 -0.148667440 0.138023034 -0.026838422 0.978839815
14.466667 -0.050914865 -0.034456134 -0.183496594 -0.160132095 0.131907642 -0.022624966 0.977980733
14.533333 -0.050211038 -0.034535252 -0.186620399 -0.164299011 0.126431510 -0.019427193 0.978081524
14.600000 -0.049907293 -0.036155879 -0.187580094 -0.173187569 0.123555787 -0.015506997 0.976984978
14.666667 -0.047098927 -0.029718408 -0.191772759 -0.148424968 0.111448549 -0.011383143 0.982557714
14.733333 -0.052929875 -0.014780302 -0.200226262 -0.082339190 0.124920860 -0.025499968 0.988415301
14.733333 -0.052929875 -0.014780302 -0.200226262 -0.082339190 0.124920860 -0.025499968 0.988415301
14.733333 -0.052929875 -0.014780302 -0.200226262 -0.082339190 0.124920860 -0.025499968 0.988415301
14.733333 -0.052929875 -0.014780302 -0.200226262 -0.082339190 0.124920860 -0.025499968 0.988415301
14.733333 -0.052929875 -0.014780302 -0.200226262 -0.082339190 0.124920860 -0.025499968 0.988415301
14.733333 -0.052929875 -0.014780302 -0.200226262 -0.082339190 0.124920860 -0.025499968 0.988415301
14.733333 -0.052929875 -0.014780302 -0.200226262 -0.082339190 0.124920860 -0.025499968 0.988415301
14.733333 -0.052929875 -0.014780302 -0.200226262 -0.082339190 0.124920860 -0.025499968 0.988415301
14.733333 -0.052929875 -0.014780302 -0.200226262 -0.082339190 0.124920860 -0.025499968 0.988415301
14.733333 -0.052929875 -0.014780302 -0.200226262 -0.082339190 0.124920860 -0.025499968 0.988415301
14.733333 -0.052929875 -0.014780302 -0.200226262 -0.082339190 0.124920860 -0.025499968 0.988415301
14.733333 -0.052929875 -0.014780302 -0.200226262 -0.082339190 0.124920860 -0.025499968 0.988415301
14.733333 -0.052929875 -0.014780302 -0.200226262 -0.082339190 0.124920860 -0.025499968 0.988415301
14.733333 -0.052929875 -0.014780302 -0.200226262 -0.082339190 0.124920860 -0.025499968 0.988415301
14.733333 -0.052929875 -0.014780302 -0.200226262 -0.082339190 0.124920860 -0.025499968 0.988415301
14.733333 -0.052929875 -0.014780302 -0.200226262 -0.082339190 0.124920860 -0.025499968 0.988415301
14.733333 -0.052929875 -0.014780302 -0.200226262 -0.082339190 0.124920860 -0.025499968 0.988415301
14.733333 -0.052929875 -0.014780302 -0.200226262 -0.082339190 0.124920860 -0.025499968 0.988415301
14.733333 -0.052929875 -0.014780302 -0.200226262 -0.082339190 0.124920860 -0.025499968 0.988415301
14.733333 -0.052929875 -0.014780302 -0.200226262 -0.082339190 0.124920860 -0.025499968 0.988415301
14.733333 -0.052929875 -0.014780302 -0.200226262 -0.082339190 0.124920860 -0.025499968 0.988415301
14.733333 -0.052929875 -0.014780302 -0.200226262 -0.082339190 0.124920860 -0.025499968 0.988415301
14.733333 -0.052929875 -0.014780302 -0.200226262 -0.082339190 0.124920860 -0.025499968 0.988415301
14.733333 -0.052929875 -0.014780302 -0.200226262 -0.082339190 0.124920860 -0.025499968 0.988415301
14.733333 -0.052929875 -0.014780302 -0.200226262 -0.082339190 0.124920860 -0.025499968 0.988415301
14.733333 -0.052929875 -0.014780302 -0.200226262 -0.082339190 0.124920860 -0.025499968 0.988415301
14.733333 -0.052929875 -0.014780302 -0.200226262 -0.082339190 0.124920860 -0.025499968 0.988415301
