0.000000 0.000000000 0.000000000 0.000000000 -0.000000000 -0.000000000 -0.000000000 1.000000000
0.066667 -0.008356238 -0.013533093 -0.109728359 0.000250116 -0.000382503 0.001154110 0.999999285
0.133333 -0.014220527 -0.022845948 -0.152488589 -0.000739014 -0.000458796 0.000290354 0.999999583
0.200000 -0.012805440 -0.028056404 -0.177850232 -0.000670746 -0.001305381 0.000116334 0.999998927
0.266667 -0.016705589 -0.037895955 -0.257230163 -0.000780141 -0.001626597 -0.000247232 0.999998391
0.333333 -0.029516380 -0.048811778 -0.296215773 -0.001381485 -0.000629843 -0.001435669 0.999997795
0.400000 -0.056214109 -0.067485519 -0.565788269 -0.000372569 -0.001152700 -0.000738931 0.999999046
0.466667 -0.078766763 -0.101184130 -0.735654175 -0.002387558 -0.001110334 -0.001028433 0.999996006
0.533333 -0.108715206 -0.161607906 -0.864263713 -0.003490711 0.002284486 0.004554473 0.999980927
0.600000 -0.122877598 -0.203127831 -0.983879864 -0.005425169 0.003919016 0.011578468 0.999910593
0.666667 -0.139648661 -0.249028519 -1.081357598 -0.008630740 0.006224874 0.012189887 0.999869108
0.733333 -0.189949557 -0.270911753 -1.159276366 -0.008327508 0.011941037 0.014736646 0.999785423
0.800000 -0.192955226 -0.298325896 -1.274069309 -0.005633675 0.011047239 0.017532434 0.999769390
0.866667 -0.209255204 -0.298780233 -1.332723141 0.000616450 0.011168316 0.019485870 0.999747634
0.933333 -0.209177837 -0.306100219 -1.365006328 0.001155716 0.009085288 0.016748967 0.999817789
1.000000 -0.226290882 -0.314938217 -1.422549486 -0.000261762 0.011177855 0.020765549 0.999721885
1.066667 -0.231213808 -0.317482322 -1.440628886 0.000563011 0.010961111 0.020095022 0.999737859
1.133333 -0.234390721 -0.316683382 -1.452903748 0.005487483 0.012126973 0.019053571 0.999729872
1.200000 -0.236108050 -0.315286398 -1.462206721 0.009159340 0.012005736 0.016832521 0.999744296
1.266667 -0.238026053 -0.310853213 -1.470866203 0.011521622 0.011078863 0.016489247 0.999736309
1.333333 -0.240859300 -0.319847643 -1.472061038 0.018068243 0.012422722 0.014111969 0.999660015
1.400000 -0.236898929 -0.320267648 -1.484959364 0.026524387 0.011690834 0.009890531 0.999530852
1.466667 -0.231243178 -0.322359324 -1.517151952 0.033100694 0.013160496 0.004177774 0.999356627
1.533333 -0.232606530 -0.322968185 -1.564345479 0.034141809 0.012699133 0.001554346 0.999335110
1.600000 -0.237109035 -0.334159106 -1.601699591 0.031147521 0.010663721 0.004605595 0.999447286
1.666667 -0.248712569 -0.341107279 -1.612327695 0.029376557 0.011244173 0.007763116 0.999475002
1.733333 -0.254463345 -0.349971652 -1.635455608 0.026674621 0.011710826 0.008215544 0.999541819
1.800000 -0.254642427 -0.350167364 -1.645684719 0.026018096 0.011680757 0.007925895 0.999561846
1.866667 -0.249333203 -0.345600963 -1.647535324 0.026483888 0.010276002 0.009104642 0.999554992
1.933333 -0.251123548 -0.349300563 -1.661000133 0.026948139 0.011110930 0.008262669 0.999540925
10.000000 -0.194111273 -0.425948888 -1.695397258 0.012392303 0.011210617 0.012799834 0.999778450
10.000000 -0.194111273 -0.425948888 -1.695397258 0.012392303 0.011210617 0.012799834 0.999778450
10.000000 -0.194111273 -0.425948888 -1.695397258 0.012392303 0.011210617 0.012799834 0.999778450
10.000000 -0.194111273 -0.425948888 -1.695397258 0.012392303 0.011210617 0.012799834 0.999778450
10.000000 -0.194111273 -0.425948888 -1.695397258 0.012392303 0.011210617 0.012799834 0.999778450
10.000000 -0.194111273 -0.425948888 -1.695397258 0.012392303 0.011210617 0.012799834 0.999778450
10.000000 -0.194111273 -0.425948888 -1.695397258 0.012392303 0.011210617 0.012799834 0.999778450
10.000000 -0.194111273 -0.425948888 -1.695397258 0.012392303 0.011210617 0.012799834 0.999778450
10.000000 -0.194111273 -0.425948888 -1.695397258 0.012392303 0.011210617 0.012799834 0.999778450
10.000000 -0.194111273 -0.425948888 -1.695397258 0.012392303 0.011210617 0.012799834 0.999778450
10.000000 -0.194111273 -0.425948888 -1.695397258 0.012392303 0.011210617 0.012799834 0.999778450
10.000000 -0.194111273 -0.425948888 -1.695397258 0.012392303 0.011210617 0.012799834 0.999778450
10.000000 -0.194111273 -0.425948888 -1.695397258 0.012392303 0.011210617 0.012799834 0.999778450
10.000000 -0.194111273 -0.425948888 -1.695397258 0.012392303 0.011210617 0.012799834 0.999778450
10.000000 -0.194111273 -0.425948888 -1.695397258 0.012392303 0.011210617 0.012799834 0.999778450
10.000000 -0.194111273 -0.425948888 -1.695397258 0.012392303 0.011210617 0.012799834 0.999778450
10.000000 -0.194111273 -0.425948888 -1.695397258 0.012392303 0.011210617 0.012799834 0.999778450
10.000000 -0.194111273 -0.425948888 -1.695397258 0.012392303 0.011210617 0.012799834 0.999778450
10.000000 -0.194111273 -0.425948888 -1.695397258 0.012392303 0.011210617 0.012799834 0.999778450
10.000000 -0.194111273 -0.425948888 -1.695397258 0.012392303 0.011210617 0.012799834 0.999778450
10.000000 -0.194111273 -0.425948888 -1.695397258 0.012392303 0.011210617 0.012799834 0.999778450
10.000000 -0.194111273 -0.425948888 -1.695397258 0.012392303 0.011210617 0.012799834 0.999778450
10.000000 -0.194111273 -0.425948888 -1.695397258 0.012392303 0.011210617 0.012799834 0.999778450
10.000000 -0.194111273 -0.425948888 -1.695397258 0.012392303 0.011210617 0.012799834 0.999778450
10.000000 -0.194111273 -0.425948888 -1.695397258 0.012392303 0.011210617 0.012799834 0.999778450
10.000000 -0.194111273 -0.425948888 -1.695397258 0.012392303 0.011210617 0.012799834 0.999778450
10.000000 -0.194111273 -0.425948888 -1.695397258 0.012392303 0.011210617 0.012799834 0.999778450
10.000000 -0.194111273 -0.425948888 -1.695397258 0.012392303 0.011210617 0.012799834 0.999778450
10.000000 -0.194111273 -0.425948888 -1.695397258 0.012392303 0.011210617 0.012799834 0.999778450
10.000000 -0.194111273 -0.425948888 -1.695397258 0.012392303 0.011210617 0.012799834 0.999778450
10.000000 -0.194111273 -0.425948888 -1.695397258 0.012392303 0.011210617 0.012799834 0.999778450
10.000000 -0.194111273 -0.425948888 -1.695397258 0.012392303 0.011210617 0.012799834 0.999778450
10.000000 -0.194111273 -0.425948888 -1.695397258 0.012392303 0.011210617 0.012799834 0.999778450
10.000000 -0.194111273 -0.425948888 -1.695397258 0.012392303 0.011210617 0.012799834 0.999778450
10.000000 -0.194111273 -0.425948888 -1.695397258 0.012392303 0.011210617 0.012799834 0.999778450
10.000000 -0.194111273 -0.425948888 -1.695397258 0.012392303 0.011210617 0.012799834 0.999778450
10.000000 -0.194111273 -0.425948888 -1.695397258 0.012392303 0.011210617 0.012799834 0.999778450
10.000000 -0.194111273 -0.425948888 -1.695397258 0.012392303 0.011210617 0.012799834 0.999778450
10.000000 -0.194111273 -0.425948888 -1.695397258 0.012392303 0.011210617 0.012799834 0.999778450
10.000000 -0.194111273 -0.425948888 -1.695397258 0.012392303 0.011210617 0.012799834 0.999778450
10.000000 -0.194111273 -0.425948888 -1.695397258 0.012392303 0.011210617 0.012799834 0.999778450
10.000000 -0.194111273 -0.425948888 -1.695397258 0.012392303 0.011210617 0.012799834 0.999778450
10.000000 -0.194111273 -0.425948888 -1.695397258 0.012392303 0.011210617 0.012799834 0.999778450
10.000000 -0.194111273 -0.425948888 -1.695397258 0.012392303 0.011210617 0.012799834 0.999778450
10.000000 -0.194111273 -0.425948888 -1.695397258 0.012392303 0.011210617 0.012799834 0.999778450
10.000000 -0.194111273 -0.425948888 -1.695397258 0.012392303 0.011210617 0.012799834 0.999778450
13.133333 0.000000000 0.000000000 0.000000000 -0.000000000 -0.000000000 -0.000000000 1.000000000
13.200000 -0.044438493 -0.003045199 -0.047648448 -0.001074479 0.002146880 0.001609517 0.999995828
13.266667 -0.034580950 0.001396923 -0.129880816 -0.000102844 -0.003562715 0.002126349 0.999991417
13.333333 -0.029359337 0.004987596 -0.214279443 -0.002450486 -0.006988829 0.000186090 0.999972582
13.400000 -0.057347707 0.003847718 -0.281373918 -0.003340533 -0.003616715 0.002241710 0.999985397
13.466667 -0.060601134 0.002619705 -0.437638164 -0.003582440 -0.003903286 0.003179289 0.999980927
13.533333 -0.024214935 0.024785770 -0.662303388 0.003720447 -0.012430421 -0.000182554 0.999915838
13.600000 0.037513882 0.044779196 -0.873267412 0.009206157 -0.022063889 -0.000791277 0.999713898
13.666667 0.046364740 0.064151466 -1.051124096 0.013636189 -0.019924529 0.000112310 0.999708533
13.733333 0.026765352 0.062816218 -1.257808447 0.016717969 -0.023181880 0.002034388 0.999589384
13.800000 0.009362683 0.078091323 -1.386368155 0.019289795 -0.022965135 0.004730068 0.999538958
13.866667 0.010178172 0.099507667 -1.434281707 0.022558359 -0.021902340 0.005114112 0.999492526
13.933333 0.024534324 0.096054517 -1.545852304 0.020921376 -0.021025475 0.006796851 0.999536932
14.000000 0.029301124 0.092425466 -1.630882740 0.020084441 -0.019358737 0.005601714 0.999595165
14.066667 0.033147264 0.096622221 -1.705390573 0.019067451 -0.016631115 0.006617298 0.999657989
14.133333 0.061948333 0.119416550 -1.802680254 0.022462599 -0.015034194 0.004780519 0.999623239
14.200000 0.047412485 0.142217070 -1.986588836 0.025016805 -0.013052536 0.007177786 0.999576092
14.266667 0.034888130 0.152125418 -2.150059462 0.022704743 -0.013664724 0.010267979 0.999596059
14.333333 0.009228823 0.169056579 -2.271998644 0.021628765 -0.013282635 0.015908113 0.999551296
14.400000 0.003927653 0.166607544 -2.350774765 0.021554809 -0.013973135 0.017508475 0.999516666
14.466667 -0.002441361 0.173985437 -2.402057171 0.019467538 -0.012700737 0.019842649 0.999532878
14.533333 0.003227910 0.189913437 -2.465256929 0.015960319 -0.013184739 0.019982940 0.999585986
14.600000 -0.004512877 0.198051572 -2.496516228 0.013020907 -0.012041740 0.015930979 0.999715805
14.666667 0.092067458 -0.042376611 -1.269598722 -0.018154368 0.006533239 0.022068666 0.999570310
14.666667 0.092067458 -0.042376611 -1.269598722 -0.018154368 0.006533239 0.022068666 0.999570310
14.666667 0.092067458 -0.042376611 -1.269598722 -0.018154368 0.006533239 0.022068666 0.999570310
14.666667 0.092067458 -0.042376611 -1.269598722 -0.018154368 0.006533239 0.022068666 0.999570310
14.666667 0.092067458 -0.042376611 -1.269598722 -0.018154368 0.006533239 0.022068666 0.999570310
14.666667 0.092067458 -0.042376611 -1.269598722 -0.018154368 0.006533239 0.022068666 0.999570310
14.666667 0.092067458 -0.042376611 -1.269598722 -0.018154368 0.006533239 0.022068666 0.999570310
14.666667 0.092067458 -0.042376611 -1.269598722 -0.018154368 0.006533239 0.022068666 0.999570310
14.666667 0.092067458 -0.042376611 -1.269598722 -0.018154368 0.006533239 0.022068666 0.999570310
14.666667 0.092067458 -0.042376611 -1.269598722 -0.018154368 0.006533239 0.022068666 0.999570310
14.666667 0.092067458 -0.042376611 -1.269598722 -0.018154368 0.006533239 0.022068666 0.999570310
14.666667 0.092067458 -0.042376611 -1.269598722 -0.018154368 0.006533239 0.022068666 0.999570310
14.666667 0.092067458 -0.042376611 -1.269598722 -0.018154368 0.006533239 0.022068666 0.999570310
14.666667 0.092067458 -0.042376611 -1.269598722 -0.018154368 0.006533239 0.022068666 0.999570310
14.666667 0.092067458 -0.042376611 -1.269598722 -0.018154368 0.006533239 0.022068666 0.999570310
14.666667 0.092067458 -0.042376611 -1.269598722 -0.018154368 0.006533239 0.022068666 0.999570310
14.666667 0.092067458 -0.042376611 -1.269598722 -0.018154368 0.006533239 0.022068666 0.999570310
14.666667 0.092067458 -0.042376611 -1.269598722 -0.018154368 0.006533239 0.022068666 0.999570310
14.666667 0.092067458 -0.042376611 -1.269598722 -0.018154368 0.006533239 0.022068666 0.999570310
14.666667 0.092067458 -0.042376611 -1.269598722 -0.018154368 0.006533239 0.022068666 0.999570310
14.666667 0.092067458 -0.042376611 -1.269598722 -0.018154368 0.006533239 0.022068666 0.999570310
14.666667 0.092067458 -0.042376611 -1.269598722 -0.018154368 0.006533239 0.022068666 0.999570310
14.666667 0.092067458 -0.042376611 -1.269598722 -0.018154368 0.006533239 0.022068666 0.999570310
14.666667 0.092067458 -0.042376611 -1.269598722 -0.018154368 0.006533239 0.022068666 0.999570310
14.666667 0.092067458 -0.042376611 -1.269598722 -0.018154368 0.006533239 0.022068666 0.999570310
14.666667 0.092067458 -0.042376611 -1.269598722 -0.018154368 0.006533239 0.022068666 0.999570310
14.666667 0.092067458 -0.042376611 -1.269598722 -0.018154368 0.006533239 0.022068666 0.999570310
14.666667 0.092067458 -0.042376611 -1.269598722 -0.018154368 0.006533239 0.022068666 0.999570310
2.066667 0.000000000 0.000000000 0.000000000 -0.000000000 -0.000000000 -0.000000000 1.000000000
2.133333 -0.000431398 -0.018515717 -0.099278875 0.006549922 -0.001316944 -0.000031338 0.999977708
2.200000 -0.010183958 -0.049241602 -0.193688333 0.011231883 -0.001081892 -0.001516028 0.999935210
2.266667 -0.014577245 -0.075467855 -0.283828378 0.014310476 -0.001702409 -0.004235087 0.999887168
2.333333 -0.025045460 -0.095296390 -0.338018656 0.021399697 -0.002978284 -0.008747915 0.999728322
2.400000 -0.030022321 -0.082013935 -0.337365270 0.030605974 -0.002552095 -0.010454493 0.999473631
2.466667 -0.035212539 -0.094785467 -0.361827999 0.035692845 -0.001579850 -0.017754797 0.999203801
2.533333 -0.030445440 -0.099494562 -0.398886561 0.043055907 -0.004079867 -0.015136378 0.998949647
2.600000 -0.036845542 -0.115273714 -0.427769005 0.045030076 -0.003805545 -0.016473209 0.998842597
2.666667 -0.038322065 -0.120725557 -0.458129615 0.048128728 -0.006683839 -0.021822557 0.998580337
2.733333 -0.042726245 -0.130405620 -0.482990116 0.047533192 -0.009358901 -0.020884370 0.998607457
2.800000 -0.049295206 -0.133633867 -0.511491239 0.051590662 -0.008879769 -0.019957440 0.998429418
2.866667 -0.056951325 -0.141497940 -0.541213155 0.052010119 -0.009909448 -0.019175800 0.998413324
2.933333 -0.060918197 -0.154893413 -0.568510056 0.050496902 -0.011115427 -0.023788394 0.998378992
3.000000 -0.068128951 -0.159112990 -0.600254655 0.050378036 -0.012857984 -0.031401150 0.998153627
3.066667 -0.071194798 -0.160297513 -0.626199663 0.052853767 -0.012693808 -0.030668201 0.998050511
3.133333 -0.079231001 -0.164151102 -0.650872111 0.054819476 -0.013770437 -0.037401296 0.997700572
3.200000 -0.074627802 -0.159956619 -0.646974623 0.058360472 -0.015026782 -0.037578966 0.997474849
3.266667 -0.072339371 -0.161375239 -0.653103232 0.057992198 -0.017099382 -0.040682051 0.997341216
3.333333 -0.076186724 -0.169196531 -0.677459180 0.052362841 -0.020230524 -0.047383107 0.997298241
3.400000 -0.119686671 -0.178637579 -0.781770587 0.053756729 -0.021497812 -0.043840189 0.997359574
3.400000 -0.119686671 -0.178637579 -0.781770587 0.053756729 -0.021497812 -0.043840189 0.997359574
3.400000 -0.119686671 -0.178637579 -0.781770587 0.053756729 -0.021497812 -0.043840189 0.997359574
3.400000 -0.119686671 -0.178637579 -0.781770587 0.053756729 -0.021497812 -0.043840189 0.997359574
3.400000 -0.119686671 -0.178637579 -0.781770587 0.053756729 -0.021497812 -0.043840189 0.997359574
3.400000 -0.119686671 -0.178637579 -0.781770587 0.053756729 -0.021497812 -0.043840189 0.997359574
3.400000 -0.119686671 -0.178637579 -0.781770587 0.053756729 -0.021497812 -0.043840189 0.997359574
3.400000 -0.119686671 -0.178637579 -0.781770587 0.053756729 -0.021497812 -0.043840189 0.997359574
3.400000 -0.119686671 -0.178637579 -0.781770587 0.053756729 -0.021497812 -0.043840189 0.997359574
3.400000 -0.119686671 -0.178637579 -0.781770587 0.053756729 -0.021497812 -0.043840189 0.997359574
3.400000 -0.119686671 -0.178637579 -0.781770587 0.053756729 -0.021497812 -0.043840189 0.997359574
3.400000 -0.119686671 -0.178637579 -0.781770587 0.053756729 -0.021497812 -0.043840189 0.997359574
3.400000 -0.119686671 -0.178637579 -0.781770587 0.053756729 -0.021497812 -0.043840189 0.997359574
3.400000 -0.119686671 -0.178637579 -0.781770587 0.053756729 -0.021497812 -0.043840189 0.997359574
3.400000 -0.119686671 -0.178637579 -0.781770587 0.053756729 -0.021497812 -0.043840189 0.997359574
3.400000 -0.119686671 -0.178637579 -0.781770587 0.053756729 -0.021497812 -0.043840189 0.997359574
3.400000 -0.119686671 -0.178637579 -0.781770587 0.053756729 -0.021497812 -0.043840189 0.997359574
3.400000 -0.119686671 -0.178637579 -0.781770587 0.053756729 -0.021497812 -0.043840189 0.997359574
3.400000 -0.119686671 -0.178637579 -0.781770587 0.053756729 -0.021497812 -0.043840189 0.997359574
3.400000 -0.119686671 -0.178637579 -0.781770587 0.053756729 -0.021497812 -0.043840189 0.997359574
3.400000 -0.119686671 -0.178637579 -0.781770587 0.053756729 -0.021497812 -0.043840189 0.997359574
3.400000 -0.119686671 -0.178637579 -0.781770587 0.053756729 -0.021497812 -0.043840189 0.997359574
3.400000 -0.119686671 -0.178637579 -0.781770587 0.053756729 -0.021497812 -0.043840189 0.997359574
3.400000 -0.119686671 -0.178637579 -0.781770587 0.053756729 -0.021497812 -0.043840189 0.997359574
3.400000 -0.119686671 -0.178637579 -0.781770587 0.053756729 -0.021497812 -0.043840189 0.997359574
3.400000 -0.119686671 -0.178637579 -0.781770587 0.053756729 -0.021497812 -0.043840189 0.997359574
3.400000 -0.119686671 -0.178637579 -0.781770587 0.053756729 -0.021497812 -0.043840189 0.997359574
3.400000 -0.119686671 -0.178637579 -0.781770587 0.053756729 -0.021497812 -0.043840189 0.997359574
3.400000 -0.119686671 -0.178637579 -0.781770587 0.053756729 -0.021497812 -0.043840189 0.997359574
3.400000 -0.119686671 -0.178637579 -0.781770587 0.053756729 -0.021497812 -0.043840189 0.997359574
3.400000 -0.119686671 -0.178637579 -0.781770587 0.053756729 -0.021497812 -0.043840189 0.997359574
3.400000 -0.119686671 -0.178637579 -0.781770587 0.053756729 -0.021497812 -0.043840189 0.997359574
3.400000 -0.119686671 -0.178637579 -0.781770587 0.053756729 -0.021497812 -0.043840189 0.997359574
3.400000 -0.119686671 -0.178637579 -0.781770587 0.053756729 -0.021497812 -0.043840189 0.997359574
3.400000 -0.119686671 -0.178637579 -0.781770587 0.053756729 -0.021497812 -0.043840189 0.997359574
3.400000 -0.119686671 -0.178637579 -0.781770587 0.053756729 -0.021497812 -0.043840189 0.997359574
3.400000 -0.119686671 -0.178637579 -0.781770587 0.053756729 -0.021497812 -0.043840189 0.997359574
3.400000 -0.119686671 -0.178637579 -0.781770587 0.053756729 -0.021497812 -0.043840189 0.997359574
3.400000 -0.119686671 -0.178637579 -0.781770587 0.053756729 -0.021497812 -0.043840189 0.997359574
3.400000 -0.119686671 -0.178637579 -0.781770587 0.053756729 -0.021497812 -0.043840189 0.997359574
3.400000 -0.119686671 -0.178637579 -0.781770587 0.053756729 -0.021497812 -0.043840189 0.997359574
3.400000 -0.119686671 -0.178637579 -0.781770587 0.053756729 -0.021497812 -0.043840189 0.997359574
3.400000 -0.119686671 -0.178637579 -0.781770587 0.053756729 -0.021497812 -0.043840189 0.997359574
3.400000 -0.119686671 -0.178637579 -0.781770587 0.053756729 -0.021497812 -0.043840189 0.997359574
3.400000 -0.119686671 -0.178637579 -0.781770587 0.053756729 -0.021497812 -0.043840189 0.997359574
6.466667 0.000000000 0.000000000 0.000000000 -0.000000000 -0.000000000 -0.000000000 1.000000000
6.533333 0.268325716 -0.052619863 -0.634057999 -0.009876647 -0.026367789 -0.013479230 0.999512613
6.600000 0.387607545 -0.066780306 -1.037345290 -0.007129309 -0.032074850 -0.025094705 0.999144971
7.066667 0.000000000 0.000000000 0.000000000 -0.000000000 -0.000000000 -0.000000000 1.000000000
7.133333 0.061182950 -0.011433898 -0.022317238 -0.001130749 0.002074929 0.001155150 0.999996543
7.200000 0.215232894 0.051141106 -0.079415627 0.003902325 -0.010461801 0.001259119 0.999936879
7.266667 0.226855680 0.059722509 -0.096641541 0.004679309 -0.011629405 0.002592516 0.999918103
7.333333 0.225206658 0.061165106 -0.098151542 0.004016065 -0.010651837 0.002419988 0.999932349
7.400000 0.273055851 0.204377487 -0.050027832 0.012235964 -0.014975348 0.004845669 0.999801278
7.466667 0.267228097 0.226432532 -0.059608463 0.012290447 -0.013559590 0.006332479 0.999812484
7.533333 0.241266266 0.397515684 -0.089677647 0.022385644 -0.010080535 0.004938120 0.999686420
7.600000 0.176257715 0.438748747 -0.028740717 0.022267858 -0.006698994 0.004331600 0.999720216
7.666667 0.186849713 0.395690829 -0.046473272 0.026301662 -0.007002471 0.003469894 0.999623537
7.733333 0.121753007 0.150326937 -0.009914644 0.011454400 -0.005441677 0.002515185 0.999916434
7.800000 0.033089004 -0.011118713 -0.030137777 -0.000708185 -0.004050656 0.001856412 0.999989867
7.866667 -0.061405607 -0.024826352 -0.129425034 -0.000379795 -0.004448360 0.000409392 0.999989986
7.933333 -0.160937086 -0.004029336 -0.277129829 0.000383776 -0.020350896 -0.005475862 0.999777853
8.000000 -0.195777044 0.013947956 -0.529763579 0.006737371 -0.022429794 -0.006764526 0.999702871
8.066667 -0.206103846 0.026225084 -0.700262368 0.008732374 -0.033464834 -0.005424235 0.999387026
8.133333 -0.268461585 0.015610150 -0.814513147 0.011264333 -0.029964337 -0.004310681 0.999478221
8.200000 -0.269397140 0.004054704 -0.937806726 0.011580232 -0.030201724 -0.009018426 0.999436080
8.266667 -0.273165077 -0.016969075 -1.003716946 0.013328824 -0.024324430 -0.010654910 0.999558508
8.333333 -0.257745683 -0.053392719 -1.030240774 0.010297515 -0.018360086 -0.017348669 0.999627888
8.400000 -0.233535707 -0.032437768 -1.097540498 0.010316517 -0.013750178 -0.012479190 0.999774396
8.466667 -0.238881007 -0.041103851 -1.107104778 0.005770775 -0.014605841 -0.011069055 0.999815404
8.533333 -0.242117718 -0.012897522 -1.220382571 -0.003200982 -0.007715949 -0.004857626 0.999953330
8.600000 -0.240925431 0.002932007 -1.226790667 -0.009684746 -0.007203886 -0.006756142 0.999904335
8.666667 -0.246220782 0.015192568 -1.226846218 -0.015944127 -0.009913505 -0.008003872 0.999791682
8.733333 -0.259232163 0.020274499 -1.243701339 -0.020373445 -0.011213775 -0.006939447 0.999705493
8.800000 -0.241767824 0.019769415 -1.291113019 -0.025589809 -0.016895896 -0.008267752 0.999495566
8.866667 -0.242352083 0.025816860 -1.315700054 -0.027079536 -0.022308685 -0.009283857 0.999341190
8.933333 -0.208111942 0.057641115 -1.300486684 -0.020217752 -0.036769908 -0.004608225 0.999108613
9.000000 -0.227046415 0.073485583 -1.324182987 -0.018769963 -0.037301086 0.001141564 0.999127150
9.066667 -0.239718959 0.070260920 -1.374772191 -0.021170190 -0.034970410 -0.004928521 0.999151945
9.133333 -0.236603260 0.058105700 -1.462054968 -0.019833073 -0.029241597 -0.005848607 0.999358475
9.200000 -0.261736721 0.058213733 -1.537266970 -0.010152872 -0.015660977 -0.003755179 0.999818742
9.266667 -0.268358052 0.060129825 -1.587705016 -0.004178176 -0.007736472 -0.006676231 0.999939084
9.333333 -0.275346845 0.061917346 -1.663263917 -0.001691413 -0.004770655 0.000339853 0.999987125
9.400000 -0.272987068 0.070888922 -1.701952577 0.004729222 -0.008323817 0.016872700 0.999811828
9.466667 -0.256602466 0.068478569 -1.725206614 0.000027898 -0.015918830 0.034395244 0.999281526
9.533333 -0.262009531 0.056677710 -1.739133716 -0.006749407 -0.017322758 0.042903610 0.998906255
9.600000 -0.276174784 0.054578856 -1.751995564 -0.009934819 -0.016886747 0.042985559 0.998883605
9.666667 -0.286296934 0.057687216 -1.769923568 -0.008369417 -0.017933676 0.042756762 0.998889506
9.733333 -0.295661539 0.067074709 -1.785692334 -0.005681225 -0.019046361 0.040465161 0.998983264
9.800000 -0.310819060 0.064146139 -1.819242477 -0.007539436 -0.017272005 0.035188686 0.999202967
9.866667 -0.318651617 0.063595310 -1.863506079 -0.005882992 -0.017993262 0.034786429 0.999215484
9.933333 -0.316186756 0.062511735 -1.908281446 -0.006353457 -0.022187777 0.036007605 0.999085009
