0.000000 0.000000000 0.000000000 0.000000000 -0.000000000 -0.000000000 -0.000000000 1.000000000
0.066667 -0.005212528 -0.008832900 -0.099370696 0.000624210 -0.000615112 0.001686584 0.999998212
0.133333 -0.009047583 -0.016786465 -0.133768231 -0.000304491 -0.001037465 0.000672423 0.999999225
0.200000 -0.007767227 -0.021771628 -0.159173504 -0.000172106 -0.001896236 0.000511853 0.999998152
0.266667 -0.016396711 -0.020545436 -0.238986537 0.001206788 -0.001818113 0.001100623 0.999997020
0.333333 -0.025788967 -0.030864550 -0.278004736 0.000458568 -0.001300013 0.000581885 0.999998927
0.400000 -0.051733982 -0.048895240 -0.466045260 0.000596827 -0.001389476 0.000700420 0.999998629
0.466667 -0.066442475 -0.072968647 -0.606972814 -0.000710868 -0.001312188 0.001395236 0.999997914
0.533333 -0.094356522 -0.122334093 -0.741837084 -0.003953229 0.001192117 0.000938788 0.999991059
0.600000 -0.109181188 -0.185192451 -0.866146266 -0.010261741 0.000838271 -0.006136821 0.999928176
0.666667 -0.139276385 -0.193889394 -1.164038658 -0.009449027 -0.000096606 -0.006758812 0.999932528
0.733333 -0.211158946 -0.183514714 -1.410451174 -0.008514593 0.003724755 -0.013566653 0.999864817
0.800000 -0.264364481 -0.158636555 -1.616122961 -0.002891323 0.005497727 -0.013102208 0.999894917
0.866667 -0.341247141 -0.115042724 -1.803341985 0.003107253 0.008465768 -0.018757427 0.999783397
0.933333 -0.421081245 -0.090083614 -1.947844863 0.004590205 0.011913463 -0.018667864 0.999744236
1.000000 -0.467348695 -0.069420710 -2.047063351 0.006868252 0.012829280 -0.018466182 0.999723613
1.066667 -0.472608477 -0.081697501 -2.142812490 0.007702599 0.011756724 -0.017655950 0.999745369
1.133333 -0.479481310 -0.106046379 -2.191682577 0.007237673 0.010708941 -0.016395953 0.999782085
1.200000 -0.498661011 -0.125180677 -2.260706902 0.008945767 0.012824499 -0.018320201 0.999709904
1.266667 -0.497168988 -0.118587188 -2.331833601 0.016341450 0.011575673 -0.022167571 0.999553680
1.333333 -0.499682903 -0.125271156 -2.372220278 0.025696274 0.011296886 -0.024835046 0.999297440
1.400000 -0.504705369 -0.125721022 -2.402402878 0.034226067 0.013169803 -0.027121043 0.998959243
1.466667 -0.509734809 -0.138318077 -2.438140631 0.036140013 0.011555065 -0.027967529 0.998888493
1.533333 -0.518004835 -0.139652476 -2.467585087 0.038227852 0.012886117 -0.031907801 0.998676360
1.600000 -0.513256967 -0.137404174 -2.490782261 0.038692936 0.011402706 -0.031240134 0.998697639
1.666667 -0.515841067 -0.138992906 -2.499543190 0.037300076 0.010286720 -0.028585123 0.998842239
1.733333 -0.520235181 -0.143715233 -2.511187315 0.035001349 0.010746417 -0.027871780 0.998940706
1.800000 -0.520758033 -0.144344226 -2.512756824 0.034368902 0.011203406 -0.028207773 0.998948216
1.866667 -0.519968688 -0.144629791 -2.526978731 0.033880319 0.010161545 -0.027084643 0.999007165
1.933333 -0.525236189 -0.151572704 -2.543333530 0.033948679 0.012049666 -0.029051354 0.998928607
10.000000 -1.146196365 -0.015015205 -1.354263306 0.035019841 0.014574316 -0.029870745 0.998833776
10.000000 -1.146196365 -0.015015205 -1.354263306 0.035019841 0.014574316 -0.029870745 0.998833776
10.000000 -1.146196365 -0.015015205 -1.354263306 0.035019841 0.014574316 -0.029870745 0.998833776
10.000000 -1.146196365 -0.015015205 -1.354263306 0.035019841 0.014574316 -0.029870745 0.998833776
10.000000 -1.146196365 -0.015015205 -1.354263306 0.035019841 0.014574316 -0.029870745 0.998833776
10.000000 -1.146196365 -0.015015205 -1.354263306 0.035019841 0.014574316 -0.029870745 0.998833776
10.000000 -1.146196365 -0.015015205 -1.354263306 0.035019841 0.014574316 -0.029870745 0.998833776
10.000000 -1.146196365 -0.015015205 -1.354263306 0.035019841 0.014574316 -0.029870745 0.998833776
10.000000 -1.146196365 -0.015015205 -1.354263306 0.035019841 0.014574316 -0.029870745 0.998833776
10.000000 -1.146196365 -0.015015205 -1.354263306 0.035019841 0.014574316 -0.029870745 0.998833776
10.000000 -1.146196365 -0.015015205 -1.354263306 0.035019841 0.014574316 -0.029870745 0.998833776
10.000000 -1.146196365 -0.015015205 -1.354263306 0.035019841 0.014574316 -0.029870745 0.998833776
10.000000 -1.146196365 -0.015015205 -1.354263306 0.035019841 0.014574316 -0.029870745 0.998833776
10.000000 -1.146196365 -0.015015205 -1.354263306 0.035019841 0.014574316 -0.029870745 0.998833776
10.000000 -1.146196365 -0.015015205 -1.354263306 0.035019841 0.014574316 -0.029870745 0.998833776
10.000000 -1.146196365 -0.015015205 -1.354263306 0.035019841 0.014574316 -0.029870745 0.998833776
10.000000 -1.146196365 -0.015015205 -1.354263306 0.035019841 0.014574316 -0.029870745 0.998833776
10.000000 -1.146196365 -0.015015205 -1.354263306 0.035019841 0.014574316 -0.029870745 0.998833776
10.000000 -1.146196365 -0.015015205 -1.354263306 0.035019841 0.014574316 -0.029870745 0.998833776
10.000000 -1.146196365 -0.015015205 -1.354263306 0.035019841 0.014574316 -0.029870745 0.998833776
10.000000 -1.146196365 -0.015015205 -1.354263306 0.035019841 0.014574316 -0.029870745 0.998833776
10.000000 -1.146196365 -0.015015205 -1.354263306 0.035019841 0.014574316 -0.029870745 0.998833776
10.000000 -1.146196365 -0.015015205 -1.354263306 0.035019841 0.014574316 -0.029870745 0.998833776
10.000000 -1.146196365 -0.015015205 -1.354263306 0.035019841 0.014574316 -0.029870745 0.998833776
10.000000 -1.146196365 -0.015015205 -1.354263306 0.035019841 0.014574316 -0.029870745 0.998833776
10.000000 -1.146196365 -0.015015205 -1.354263306 0.035019841 0.014574316 -0.029870745 0.998833776
10.000000 -1.146196365 -0.015015205 -1.354263306 0.035019841 0.014574316 -0.029870745 0.998833776
10.000000 -1.146196365 -0.015015205 -1.354263306 0.035019841 0.014574316 -0.029870745 0.998833776
10.000000 -1.146196365 -0.015015205 -1.354263306 0.035019841 0.014574316 -0.029870745 0.998833776
10.000000 -1.146196365 -0.015015205 -1.354263306 0.035019841 0.014574316 -0.029870745 0.998833776
10.000000 -1.146196365 -0.015015205 -1.354263306 0.035019841 0.014574316 -0.029870745 0.998833776
10.000000 -1.146196365 -0.015015205 -1.354263306 0.035019841 0.014574316 -0.029870745 0.998833776
10.000000 -1.146196365 -0.015015205 -1.354263306 0.035019841 0.014574316 -0.029870745 0.998833776
10.000000 -1.146196365 -0.015015205 -1.354263306 0.035019841 0.014574316 -0.029870745 0.998833776
10.000000 -1.146196365 -0.015015205 -1.354263306 0.035019841 0.014574316 -0.029870745 0.998833776
10.000000 -1.146196365 -0.015015205 -1.354263306 0.035019841 0.014574316 -0.029870745 0.998833776
10.000000 -1.146196365 -0.015015205 -1.354263306 0.035019841 0.014574316 -0.029870745 0.998833776
10.000000 -1.146196365 -0.015015205 -1.354263306 0.035019841 0.014574316 -0.029870745 0.998833776
10.000000 -1.146196365 -0.015015205 -1.354263306 0.035019841 0.014574316 -0.029870745 0.998833776
10.000000 -1.146196365 -0.015015205 -1.354263306 0.035019841 0.014574316 -0.029870745 0.998833776
10.000000 -1.146196365 -0.015015205 -1.354263306 0.035019841 0.014574316 -0.029870745 0.998833776
10.000000 -1.146196365 -0.015015205 -1.354263306 0.035019841 0.014574316 -0.029870745 0.998833776
10.000000 -1.146196365 -0.015015205 -1.354263306 0.035019841 0.014574316 -0.029870745 0.998833776
10.000000 -1.146196365 -0.015015205 -1.354263306 0.035019841 0.014574316 -0.029870745 0.998833776
10.000000 -1.146196365 -0.015015205 -1.354263306 0.035019841 0.014574316 -0.029870745 0.998833776
10.000000 -1.146196365 -0.015015205 -1.354263306 0.035019841 0.014574316 -0.029870745 0.998833776
13.133333 0.000000000 0.000000000 0.000000000 -0.000000000 -0.000000000 -0.000000000 1.000000000
13.200000 -0.044849977 -0.003027565 -0.049348831 -0.001006628 0.002141710 0.001701691 0.999995768
13.266667 -0.036542885 0.001784947 -0.130244479 -0.000058812 -0.003263433 0.002076390 0.999992549
13.333333 -0.030840091 0.004239772 -0.215449914 -0.002461836 -0.006803724 0.000017113 0.999973834
13.400000 -0.058552172 0.004160568 -0.281625152 -0.003281830 -0.003461600 0.002198801 0.999986231
13.466667 -0.060880672 0.009060369 -0.426884741 -0.002778339 -0.003564016 0.002943023 0.999985456
13.533333 -0.091066539 0.005882912 -0.691517770 0.002134295 -0.005620629 0.003854031 0.999974489
13.600000 -0.109701902 0.009797209 -0.945544779 0.005646068 -0.006465100 0.005500738 0.999948084
13.666667 -0.104551837 0.029376280 -1.213579655 0.010239752 -0.007461958 0.006571246 0.999898136
13.733333 -0.111211233 0.020435443 -1.471790671 0.011617668 -0.011747401 0.007120734 0.999838173
13.800000 -0.115207441 0.030910859 -1.650627255 0.013587549 -0.013918853 0.007570909 0.999782145
13.866667 -0.128608197 0.036630519 -1.718844175 0.014930986 -0.011607466 0.009787790 0.999773264
13.933333 -0.106278919 0.050112188 -1.857422829 0.015502856 -0.010735848 0.011543085 0.999755561
14.000000 -0.101413377 0.048627235 -1.958251715 0.015057038 -0.008703693 0.012148228 0.999774933
14.066667 -0.094919562 0.050077986 -2.048261166 0.014543099 -0.005775084 0.011065367 0.999816358
14.133333 -0.102901705 0.063553579 -2.192519426 0.015648298 -0.001095411 0.013018678 0.999792218
14.200000 -0.063600942 0.079581961 -2.410590649 0.015698664 -0.003841564 0.006685903 0.999847054
14.266667 -0.039369676 0.113517292 -2.595487118 0.016556414 -0.007636304 0.008285254 0.999799430
14.333333 -0.047339823 0.152071580 -2.712367058 0.022073679 -0.009977544 0.021431699 0.999476790
14.400000 -0.052683093 0.150480866 -2.785276890 0.018869674 -0.010041866 0.019683566 0.999577761
14.466667 -0.043415777 0.159014806 -2.847206116 0.015670348 -0.010317573 0.019286755 0.999637961
14.533333 -0.042431835 0.188022286 -2.911749601 0.013815116 -0.010224079 0.020774134 0.999636471
14.600000 -0.048223924 0.196544304 -2.937034130 0.011752345 -0.011041000 0.021265194 0.999643862
14.666667 -0.122659124 0.266505331 -3.205349207 -0.046149716 0.033179741 0.048851900 0.997187436
14.666667 -0.122659124 0.266505331 -3.205349207 -0.046149716 0.033179741 0.048851900 0.997187436
14.666667 -0.122659124 0.266505331 -3.205349207 -0.046149716 0.033179741 0.048851900 0.997187436
14.666667 -0.122659124 0.266505331 -3.205349207 -0.046149716 0.033179741 0.048851900 0.997187436
14.666667 -0.122659124 0.266505331 -3.205349207 -0.046149716 0.033179741 0.048851900 0.997187436
14.666667 -0.122659124 0.266505331 -3.205349207 -0.046149716 0.033179741 0.048851900 0.997187436
14.666667 -0.122659124 0.266505331 -3.205349207 -0.046149716 0.033179741 0.048851900 0.997187436
14.666667 -0.122659124 0.266505331 -3.205349207 -0.046149716 0.033179741 0.048851900 0.997187436
14.666667 -0.122659124 0.266505331 -3.205349207 -0.046149716 0.033179741 0.048851900 0.997187436
14.666667 -0.122659124 0.266505331 -3.205349207 -0.046149716 0.033179741 0.048851900 0.997187436
14.666667 -0.122659124 0.266505331 -3.205349207 -0.046149716 0.033179741 0.048851900 0.997187436
14.666667 -0.122659124 0.266505331 -3.205349207 -0.046149716 0.033179741 0.048851900 0.997187436
14.666667 -0.122659124 0.266505331 -3.205349207 -0.046149716 0.033179741 0.048851900 0.997187436
14.666667 -0.122659124 0.266505331 -3.205349207 -0.046149716 0.033179741 0.048851900 0.997187436
14.666667 -0.122659124 0.266505331 -3.205349207 -0.046149716 0.033179741 0.048851900 0.997187436
14.666667 -0.122659124 0.266505331 -3.205349207 -0.046149716 0.033179741 0.048851900 0.997187436
14.666667 -0.122659124 0.266505331 -3.205349207 -0.046149716 0.033179741 0.048851900 0.997187436
14.666667 -0.122659124 0.266505331 -3.205349207 -0.046149716 0.033179741 0.048851900 0.997187436
14.666667 -0.122659124 0.266505331 -3.205349207 -0.046149716 0.033179741 0.048851900 0.997187436
14.666667 -0.122659124 0.266505331 -3.205349207 -0.046149716 0.033179741 0.048851900 0.997187436
14.666667 -0.122659124 0.266505331 -3.205349207 -0.046149716 0.033179741 0.048851900 0.997187436
14.666667 -0.122659124 0.266505331 -3.205349207 -0.046149716 0.033179741 0.048851900 0.997187436
14.666667 -0.122659124 0.266505331 -3.205349207 -0.046149716 0.033179741 0.048851900 0.997187436
14.666667 -0.122659124 0.266505331 -3.205349207 -0.046149716 0.033179741 0.048851900 0.997187436
14.666667 -0.122659124 0.266505331 -3.205349207 -0.046149716 0.033179741 0.048851900 0.997187436
14.666667 -0.122659124 0.266505331 -3.205349207 -0.046149716 0.033179741 0.048851900 0.997187436
14.666667 -0.122659124 0.266505331 -3.205349207 -0.046149716 0.033179741 0.048851900 0.997187436
14.666667 -0.122659124 0.266505331 -3.205349207 -0.046149716 0.033179741 0.048851900 0.997187436
2.066667 0.000000000 0.000000000 0.000000000 -0.000000000 -0.000000000 -0.000000000 1.000000000
2.133333 -0.000410398 -0.019084796 -0.095822930 0.006339446 -0.001388690 0.000229392 0.999978960
2.200000 -0.011259936 -0.050907664 -0.195445627 0.010957776 -0.001054769 -0.001054635 0.999938846
2.266667 -0.015704146 -0.077278070 -0.282166421 0.013992066 -0.001574291 -0.004232713 0.999891937
2.333333 -0.019937778 -0.094111286 -0.332850784 0.021006886 -0.003655544 -0.008628592 0.999735415
2.400000 -0.026016334 -0.090629816 -0.349462807 0.028750820 -0.002445908 -0.012264921 0.999508381
2.466667 -0.030549401 -0.102594338 -0.381077021 0.033857767 -0.002509723 -0.016005665 0.999295354
2.533333 -0.030677190 -0.111076131 -0.415670365 0.041505527 -0.003944502 -0.014057628 0.999031603
2.600000 -0.031111436 -0.115578845 -0.454807073 0.047084093 -0.006004492 -0.011028053 0.998812020
2.666667 -0.036084693 -0.124275945 -0.479858071 0.049829762 -0.007826523 -0.016650647 0.998588264
2.733333 -0.041567571 -0.137202039 -0.501510382 0.047939736 -0.007954142 -0.019634163 0.998625576
2.800000 -0.048304033 -0.143339574 -0.510931671 0.048330970 -0.008281740 -0.019960487 0.998597562
2.866667 -0.045668494 -0.144457936 -0.532767117 0.049528077 -0.011611609 -0.017262790 0.998556018
2.933333 -0.047249209 -0.152591616 -0.547049522 0.051360402 -0.013203324 -0.017870124 0.998432994
3.000000 -0.056364346 -0.156602830 -0.582134128 0.051680654 -0.015379115 -0.022579553 0.998289943
3.066667 -0.065611281 -0.156370297 -0.613241076 0.055699579 -0.016045185 -0.018073006 0.998155057
3.133333 -0.065736607 -0.158889830 -0.655205250 0.056874454 -0.020797573 -0.016270883 0.998032093
3.200000 -0.074173585 -0.172296077 -0.685777843 0.056361411 -0.020522080 -0.016548377 0.998062313
3.266667 -0.078251168 -0.176631823 -0.714118302 0.057340339 -0.021106228 -0.017367380 0.997980475
3.333333 -0.086005338 -0.178719968 -0.742115319 0.057797831 -0.021613726 -0.020400824 0.997885823
3.400000 -0.100284956 -0.175444931 -0.777237475 0.057353504 -0.025077963 -0.027321523 0.997664928
3.466667 -0.109589867 -0.172618791 -0.830602348 0.056470923 -0.025618173 -0.035284363 0.997451663
3.533333 -0.128039718 -0.175271466 -0.877541304 0.059477281 -0.023553360 -0.044599909 0.996954620
3.600000 -0.146535218 -0.170056462 -0.891361654 0.065124623 -0.023583984 -0.031957611 0.997086406
3.666667 -0.153014272 -0.172892049 -0.912739873 0.063820973 -0.026246293 -0.031785291 0.997109711
3.733333 -0.157771230 -0.172949389 -0.955045998 0.068648599 -0.027219908 -0.037235938 0.996574104
3.800000 -0.164067969 -0.189461187 -0.999883831 0.064039662 -0.027481103 -0.042952240 0.996643782
3.866667 -0.170984626 -0.197936371 -1.043756723 0.064232796 -0.023267919 -0.049299274 0.996444881
3.933333 -0.167622790 -0.188648596 -1.094623208 0.070568331 -0.021553740 -0.053027604 0.995863259
4.000000 -0.132114902 -0.194933191 -1.075102806 0.075827010 -0.033047970 -0.056668825 0.994960725
4.000000 -0.132114902 -0.194933191 -1.075102806 0.075827010 -0.033047970 -0.056668825 0.994960725
4.000000 -0.132114902 -0.194933191 -1.075102806 0.075827010 -0.033047970 -0.056668825 0.994960725
4.000000 -0.132114902 -0.194933191 -1.075102806 0.075827010 -0.033047970 -0.056668825 0.994960725
4.000000 -0.132114902 -0.194933191 -1.075102806 0.075827010 -0.033047970 -0.056668825 0.994960725
4.000000 -0.132114902 -0.194933191 -1.075102806 0.075827010 -0.033047970 -0.056668825 0.994960725
4.000000 -0.132114902 -0.194933191 -1.075102806 0.075827010 -0.033047970 -0.056668825 0.994960725
4.000000 -0.132114902 -0.194933191 -1.075102806 0.075827010 -0.033047970 -0.056668825 0.994960725
4.000000 -0.132114902 -0.194933191 -1.075102806 0.075827010 -0.033047970 -0.056668825 0.994960725
4.000000 -0.132114902 -0.194933191 -1.075102806 0.075827010 -0.033047970 -0.056668825 0.994960725
4.000000 -0.132114902 -0.194933191 -1.075102806 0.075827010 -0.033047970 -0.056668825 0.994960725
4.000000 -0.132114902 -0.194933191 -1.075102806 0.075827010 -0.033047970 -0.056668825 0.994960725
4.000000 -0.132114902 -0.194933191 -1.075102806 0.075827010 -0.033047970 -0.056668825 0.994960725
4.000000 -0.132114902 -0.194933191 -1.075102806 0.075827010 -0.033047970 -0.056668825 0.994960725
4.000000 -0.132114902 -0.194933191 -1.075102806 0.075827010 -0.033047970 -0.056668825 0.994960725
4.000000 -0.132114902 -0.194933191 -1.075102806 0.075827010 -0.033047970 -0.056668825 0.994960725
4.000000 -0.132114902 -0.194933191 -1.075102806 0.075827010 -0.033047970 -0.056668825 0.994960725
4.000000 -0.132114902 -0.194933191 -1.075102806 0.075827010 -0.033047970 -0.056668825 0.994960725
4.000000 -0.132114902 -0.194933191 -1.075102806 0.075827010 -0.033047970 -0.056668825 0.994960725
4.000000 -0.132114902 -0.194933191 -1.075102806 0.075827010 -0.033047970 -0.056668825 0.994960725
4.000000 -0.132114902 -0.194933191 -1.075102806 0.075827010 -0.033047970 -0.056668825 0.994960725
4.000000 -0.132114902 -0.194933191 -1.075102806 0.075827010 -0.033047970 -0.056668825 0.994960725
4.000000 -0.132114902 -0.194933191 -1.075102806 0.075827010 -0.033047970 -0.056668825 0.994960725
4.000000 -0.132114902 -0.194933191 -1.075102806 0.075827010 -0.033047970 -0.056668825 0.994960725
4.000000 -0.132114902 -0.194933191 -1.075102806 0.075827010 -0.033047970 -0.056668825 0.994960725
4.000000 -0.132114902 -0.194933191 -1.075102806 0.075827010 -0.033047970 -0.056668825 0.994960725
4.000000 -0.132114902 -0.194933191 -1.075102806 0.075827010 -0.033047970 -0.056668825 0.994960725
4.000000 -0.132114902 -0.194933191 -1.075102806 0.075827010 -0.033047970 -0.056668825 0.994960725
4.000000 -0.132114902 -0.194933191 -1.075102806 0.075827010 -0.033047970 -0.056668825 0.994960725
4.000000 -0.132114902 -0.194933191 -1.075102806 0.075827010 -0.033047970 -0.056668825 0.994960725
4.000000 -0.132114902 -0.194933191 -1.075102806 0.075827010 -0.033047970 -0.056668825 0.994960725
4.000000 -0.132114902 -0.194933191 -1.075102806 0.075827010 -0.033047970 -0.056668825 0.994960725
4.000000 -0.132114902 -0.194933191 -1.075102806 0.075827010 -0.033047970 -0.056668825 0.994960725
4.000000 -0.132114902 -0.194933191 -1.075102806 0.075827010 -0.033047970 -0.056668825 0.994960725
4.000000 -0.132114902 -0.194933191 -1.075102806 0.075827010 -0.033047970 -0.056668825 0.994960725
4.000000 -0.132114902 -0.194933191 -1.075102806 0.075827010 -0.033047970 -0.056668825 0.994960725
4.000000 -0.132114902 -0.194933191 -1.075102806 0.075827010 -0.033047970 -0.056668825 0.994960725
4.000000 -0.132114902 -0.194933191 -1.075102806 0.075827010 -0.033047970 -0.056668825 0.994960725
4.000000 -0.132114902 -0.194933191 -1.075102806 0.075827010 -0.033047970 -0.056668825 0.994960725
4.000000 -0.132114902 -0.194933191 -1.075102806 0.075827010 -0.033047970 -0.056668825 0.994960725
4.000000 -0.132114902 -0.194933191 -1.075102806 0.075827010 -0.033047970 -0.056668825 0.994960725
4.000000 -0.132114902 -0.194933191 -1.075102806 0.075827010 -0.033047970 -0.056668825 0.994960725
4.000000 -0.132114902 -0.194933191 -1.075102806 0.075827010 -0.033047970 -0.056668825 0.994960725
4.000000 -0.132114902 -0.194933191 -1.075102806 0.075827010 -0.033047970 -0.056668825 0.994960725
4.000000 -0.132114902 -0.194933191 -1.075102806 0.075827010 -0.033047970 -0.056668825 0.994960725
4.000000 -0.132114902 -0.194933191 -1.075102806 0.075827010 -0.033047970 -0.056668825 0.994960725
7.133333 0.000000000 0.000000000 0.000000000 -0.000000000 -0.000000000 -0.000000000 1.000000000
7.200000 0.081217341 0.037535004 -0.049729258 0.002017184 -0.003257588 0.000111174 0.999992669
7.266667 0.090598911 0.045580801 -0.068412170 0.002474097 -0.004002241 0.001734978 0.999987423
7.333333 0.094836637 0.051394150 -0.073470458 0.002432434 -0.003930408 0.002140249 0.999987066
7.400000 0.104061395 0.134194180 -0.027956488 0.002631888 -0.003013369 0.004994563 0.999979556
7.466667 0.097839877 0.146035939 -0.033679049 0.000719624 -0.001436972 0.005715645 0.999982417
7.533333 0.097026333 0.252937704 -0.073540352 0.002461735 -0.001765223 0.006210402 0.999976158
7.600000 0.064686075 0.286991626 -0.022621283 0.001293035 -0.002451045 0.005473368 0.999981165
7.666667 0.077111669 0.255409569 -0.027862895 0.008236592 -0.003497916 0.001919651 0.999958158
7.733333 0.040838521 0.074203312 0.004413589 0.000592724 -0.005475533 0.003079915 0.999980092
7.800000 0.005740396 -0.016666459 -0.006583170 -0.001380634 -0.010457453 0.000760647 0.999944091
7.866667 -0.034402162 -0.070879564 -0.062342811 -0.007756399 -0.017161001 -0.004481235 0.999812603
7.933333 0.023526106 -0.028978273 -0.173495501 0.000572399 -0.047143992 -0.007835881 0.998857200
8.000000 0.062411007 -0.028454406 -0.350538343 0.002141531 -0.057920747 -0.016407983 0.998184085
8.066667 0.071569353 -0.021353981 -0.460719347 0.004750837 -0.066886030 -0.019495299 0.997558832
8.133333 0.013347652 -0.015931679 -0.541668832 0.006991184 -0.062901989 -0.019335171 0.997807920
8.200000 -0.007340862 -0.009448534 -0.633697391 0.010005665 -0.059484303 -0.019542338 0.997987807
8.266667 -0.038834061 -0.018686891 -0.688429534 0.012030796 -0.050656896 -0.016426319 0.998508573
8.333333 -0.013621461 -0.040798001 -0.725599170 0.012739167 -0.045156155 -0.020587618 0.998686552
8.400000 0.024113236 -0.042669602 -0.780981541 0.009182666 -0.043071389 -0.022160379 0.998784006
8.466667 0.061092041 -0.036861986 -0.821924925 0.007318995 -0.047376540 -0.025414240 0.998526931
8.533333 0.049072105 -0.025310360 -0.884336293 -0.000590734 -0.040482495 -0.014658233 0.999072552
8.600000 0.034522507 -0.014212812 -0.903479755 -0.008634520 -0.037565239 -0.016199578 0.999125540
8.666667 0.038517125 0.006668627 -0.897987127 -0.013512498 -0.042449243 -0.014111686 0.998907566
8.733333 0.032658707 0.017751921 -0.901364148 -0.016918549 -0.044145714 -0.016379897 0.998747528
8.800000 0.031823028 0.017194472 -0.950391233 -0.025628477 -0.048907880 -0.024278119 0.998179257
8.866667 0.037753854 0.041829005 -0.992214918 -0.026136208 -0.055775981 -0.031291116 0.997610569
8.933333 0.051541276 0.068183728 -1.012344003 -0.023559012 -0.066760533 -0.043235965 0.996553421
9.000000 0.039200719 0.081937946 -1.061746478 -0.022392087 -0.068647198 -0.046278756 0.996315420
9.066667 0.029925901 0.085724086 -1.118777752 -0.021300137 -0.066926248 -0.042280916 0.996634126
9.133333 0.009498354 0.075495683 -1.191016912 -0.019001126 -0.058157176 -0.032617297 0.997593522
9.200000 0.017501084 0.096210755 -1.273627758 -0.007308672 -0.050562050 -0.023185598 0.998425007
9.266667 0.029442104 0.070219815 -1.317793965 -0.004227698 -0.043931041 -0.022269528 0.998777390
9.333333 0.027105866 0.064224131 -1.348475814 -0.000331946 -0.038153123 -0.013503568 0.999180615
9.400000 0.035684839 0.053802289 -1.359429240 0.000941056 -0.041651130 -0.001569092 0.999130547
9.466667 0.031345379 0.052987710 -1.362407327 -0.003986134 -0.040564921 0.013062891 0.999083579
9.533333 0.016016653 0.058189001 -1.383934259 -0.008123937 -0.042734575 0.024905626 0.998742938
9.600000 0.008675086 0.058708906 -1.398315430 -0.013242053 -0.043317568 0.020120567 0.998770952
9.666667 0.008856767 0.054366294 -1.403501749 -0.015038793 -0.045062836 0.018331092 0.998702765
9.733333 0.012151329 0.057679646 -1.424365759 -0.010821338 -0.051771969 0.025929855 0.998263597
9.800000 0.004528132 0.056926731 -1.451407552 -0.008197849 -0.051823553 0.031986270 0.998110235
9.866667 -0.005889498 0.058322832 -1.475809216 -0.002647180 -0.049345493 0.038223021 0.998046637
9.933333 -0.011161408 0.060724933 -1.494690299 0.002862095 -0.046824764 0.045734651 0.997851491
