0.000000 0.000000000 0.000000000 0.000000000 -0.000000000 -0.000000000 -0.000000000 1.000000000
0.066667 -0.001965133 0.010373141 -0.006190116 0.034163859 0.007647478 0.002686773 0.999383390
0.133333 -0.003921114 0.018080644 -0.010813016 0.056072026 0.014537571 0.006605073 0.998299062
0.200000 -0.006835011 0.032564726 -0.014622328 0.104512155 0.020865990 0.012589398 0.994224966
0.266667 -0.009391685 0.049305327 -0.017638685 0.165852726 0.025310734 0.032724760 0.985282362
0.333333 -0.010739747 0.053688250 -0.021192223 0.176370606 0.028584057 0.037482705 0.983194530
0.400000 -0.012188306 0.053037237 -0.020466011 0.172195420 0.034419477 0.038682908 0.983700991
0.466667 -0.015345121 0.061763477 -0.019753935 0.208224356 0.046531219 0.036850702 0.976278424
0.533333 -0.011992384 0.064040102 -0.018334828 0.218093649 0.033816259 0.044132747 0.974342823
0.600000 -0.013618790 0.068683065 -0.021034954 0.231219411 0.037199382 0.044313103 0.971179843
0.666667 -0.017191717 0.074489862 -0.024383023 0.254334986 0.050205607 0.056163363 0.964177787
0.733333 -0.020992402 0.078430787 -0.028577264 0.266603202 0.060754530 0.064973660 0.959692657
0.800000 -0.025469404 0.081858367 -0.032263748 0.276727736 0.073022127 0.072550908 0.955419242
0.866667 -0.028820248 0.084957235 -0.034348074 0.283536851 0.080899507 0.075254023 0.952574968
0.933333 -0.031127060 0.086964138 -0.036699444 0.285274237 0.085705258 0.077843301 0.951427162
1.000000 -0.033937503 0.090633266 -0.038988985 0.296508670 0.092143863 0.075987391 0.947532594
1.066667 -0.035857834 0.093274824 -0.041617326 0.303328604 0.096216790 0.074238017 0.945104659
1.133333 -0.036848392 0.094202243 -0.042293921 0.305908799 0.098815732 0.073695362 0.944046736
1.200000 -0.036594838 0.094012193 -0.042129811 0.304846048 0.098284155 0.073240638 0.944481373
1.266667 -0.038086589 0.094472744 -0.044212826 0.304163903 0.101560593 0.074849091 0.944228470
1.333333 -0.039836109 0.097256415 -0.045808315 0.310416102 0.105202317 0.070819929 0.942103446
1.400000 -0.039621491 0.097635664 -0.046309799 0.310531825 0.104142033 0.069410801 0.942287982
1.466667 -0.041201185 0.098377712 -0.050225988 0.313301593 0.110010177 0.061871558 0.941228867
1.533333 -0.042248599 0.096789084 -0.052973494 0.310557663 0.112112544 0.065910272 0.941615939
1.600000 -0.043775957 0.094974093 -0.057608385 0.311857492 0.114149429 0.067926303 0.940797985
1.666667 -0.044471473 0.093639612 -0.061937563 0.314958632 0.113893911 0.066716641 0.939881980
1.733333 -0.046601076 0.094367661 -0.065283865 0.318369716 0.119716555 0.065144241 0.938117743
1.800000 -0.049239088 0.096089974 -0.068552300 0.321334094 0.125304893 0.063845955 0.936465085
1.866667 -0.051727649 0.097647458 -0.069506869 0.321837157 0.132653669 0.060923535 0.935474277
1.933333 -0.057659604 0.098367721 -0.072570354 0.312914461 0.139783785 0.062525831 0.937355638
2.000000 -0.058635950 0.096162610 -0.075238116 0.303185225 0.141137451 0.064533651 0.940209806
2.066667 -0.065910771 0.097045742 -0.079625033 0.292325437 0.149976879 0.066437937 0.942145824
2.133333 -0.068810999 0.097444497 -0.084269010 0.280689180 0.150113702 0.062271349 0.945939600
2.200000 -0.070816748 0.096919484 -0.090099625 0.264874965 0.147535726 0.056508917 0.951252460
2.266667 -0.072455376 0.095437869 -0.095356025 0.248903528 0.143978506 0.055647612 0.956148803
2.333333 -0.072909214 0.094755851 -0.099057809 0.237837195 0.138905391 0.051123537 0.959961057
2.400000 -0.072201841 0.093541689 -0.101458937 0.229032323 0.134619549 0.046536073 0.962941408
2.466667 -0.070494398 0.091703296 -0.103711605 0.222221017 0.127508610 0.046893213 0.965484560
2.533333 -0.071264051 0.092692032 -0.106161758 0.225552246 0.125868872 0.046836272 0.964929819
2.600000 -0.071868218 0.093633294 -0.108325571 0.229014874 0.125869021 0.044476442 0.964225590
2.666667 -0.071124747 0.094998024 -0.109133348 0.234351546 0.120910577 0.045253087 0.963541448
2.733333 -0.070933059 0.094948247 -0.109386645 0.234248057 0.120154835 0.045020301 0.963672101
2.800000 -0.071365058 0.095277943 -0.111364983 0.233251408 0.119063921 0.038623065 0.964326620
2.866667 -0.071756527 0.092319094 -0.116186954 0.219994843 0.112899885 0.040153790 0.968113422
2.933333 -0.072333574 0.091138020 -0.118942812 0.215488553 0.111065306 0.040226344 0.969335377
3.000000 -0.074357249 0.092506498 -0.120874733 0.220130011 0.114666082 0.037643015 0.967975974
3.066667 -0.074974939 0.093360014 -0.122897461 0.222327098 0.113660812 0.038380455 0.967563331
3.133333 -0.074153580 0.092291385 -0.122975841 0.221911699 0.110673450 0.041064069 0.967894793
3.200000 -0.074341640 0.092740469 -0.123444714 0.226126581 0.111753747 0.040411960 0.966822028
3.266667 -0.075195476 0.094014809 -0.123522483 0.230526939 0.114629194 0.037413508 0.965566039
3.333333 -0.074831441 0.094065957 -0.123893268 0.230802029 0.112651356 0.036457639 0.965769649
3.400000 -0.074588209 0.093654789 -0.124584101 0.229334593 0.111190774 0.035972215 0.966306508
3.466667 -0.075250253 0.091598868 -0.126079768 0.221852988 0.112692222 0.035501473 0.967895329
3.533333 -0.077145398 0.090430096 -0.128418192 0.214347556 0.116142467 0.030698998 0.969341874
3.600000 -0.078277007 0.088439099 -0.130144209 0.211949155 0.118630312 0.032213788 0.969518781
3.666667 -0.079125524 0.088443175 -0.131112143 0.213183433 0.119827136 0.027221518 0.969254017
3.733333 -0.081573911 0.089728422 -0.133964643 0.210351631 0.125277713 0.016853377 0.969419241
3.800000 -0.083457559 0.088407993 -0.135814711 0.200914487 0.129626960 0.010974174 0.970932484
3.866667 -0.086638391 0.088548668 -0.137339726 0.198738515 0.136458397 0.008302071 0.970470607
3.933333 -0.087155066 0.088848777 -0.137744755 0.198810115 0.137205258 0.006734079 0.970362782
4.000000 -0.087251522 0.088508271 -0.138068199 0.197407290 0.137078851 0.007355537 0.970662475
4.066667 -0.087534636 0.088522233 -0.139799044 0.195743859 0.134801000 0.008469748 0.971309066
4.133333 -0.086921997 0.089372523 -0.140499309 0.196817085 0.131033733 0.004480396 0.971634269
4.200000 -0.087923937 0.088302143 -0.142195687 0.192415163 0.130719915 0.006390954 0.972547114
4.266667 -0.086971581 0.087161921 -0.142314315 0.193184495 0.127517372 0.007591965 0.972811103
4.333333 -0.083614655 0.082715042 -0.142533615 0.189769834 0.119036861 0.016247690 0.974450469
4.400000 -0.083432093 0.080249943 -0.141136169 0.193257481 0.121917382 0.024362558 0.973239005
4.466667 -0.082663149 0.081318520 -0.139081791 0.207852095 0.121415406 0.026323460 0.970238566
4.533333 -0.083560072 0.083539255 -0.137579262 0.220176876 0.124238566 0.022739604 0.967248619
4.600000 -0.084720753 0.083821252 -0.138578743 0.220029965 0.125533238 0.021222781 0.967149377
4.666667 -0.085014276 0.082780838 -0.140050486 0.215644062 0.124212310 0.022474531 0.968278825
4.733333 -0.084341593 0.082651444 -0.140829057 0.214841634 0.120721690 0.023625771 0.968871117
4.800000 -0.084148139 0.082374223 -0.141796380 0.220152274 0.119556203 0.026157863 0.967757761
4.866667 -0.080327079 0.080111392 -0.141215324 0.222021580 0.113613695 0.020752072 0.968177497
4.933333 -0.080212541 0.079992272 -0.139833495 0.226407409 0.115615815 0.019238038 0.966955304
5.000000 -0.079932086 0.080038249 -0.139701620 0.227990076 0.114970431 0.020452432 0.966635406
5.066667 -0.079649836 0.081372589 -0.139718592 0.236667186 0.114447832 0.021045372 0.964597046
5.133333 -0.078755260 0.081080705 -0.138901755 0.241338119 0.112207770 0.025012130 0.963607669
5.200000 -0.078417428 0.080193199 -0.137454242 0.248472616 0.114095226 0.031997558 0.961363494
5.266667 -0.080786854 0.082506277 -0.138285264 0.254599154 0.116390616 0.030198030 0.959541857
5.333333 -0.085915826 0.087646246 -0.139087036 0.262588203 0.125337422 0.022758145 0.956462264
5.400000 -0.086705938 0.090149947 -0.140405729 0.262768716 0.128202438 0.013577990 0.956207335
5.466667 -0.088349313 0.089268297 -0.144064859 0.252726793 0.128837824 0.012650128 0.958837867
5.533333 -0.089075536 0.089447238 -0.145117894 0.251645327 0.128120258 0.013687585 0.959204078
5.600000 -0.092103533 0.088986583 -0.149184778 0.242534041 0.130942822 0.013426981 0.961171687
5.666667 -0.095728293 0.085550494 -0.155335218 0.217608124 0.129510000 0.018290345 0.967232823
5.733333 -0.096730828 0.081558719 -0.160911441 0.193871111 0.125255987 0.024312828 0.972694099
5.800000 -0.098277651 0.082893848 -0.163193256 0.183098480 0.126102835 0.014867643 0.974859953
5.866667 -0.099931300 0.080833465 -0.162733063 0.172555268 0.131679043 0.020313904 0.975947082
5.933333 -0.100455999 0.079453096 -0.163770512 0.160126850 0.131949037 0.019209081 0.978048980
6.000000 -0.099681966 0.078458413 -0.163922369 0.148918957 0.129080892 0.016555976 0.980248570
6.066667 -0.098252699 0.076820567 -0.163962573 0.137216449 0.124155231 0.017891936 0.982566535
6.133333 -0.098145738 0.075735174 -0.163779825 0.128382936 0.123979189 0.018229369 0.983775735
6.200000 -0.098511666 0.075551093 -0.163765177 0.125643760 0.125356913 0.015284850 0.984004915
6.266667 -0.099194676 0.075396374 -0.164339706 0.121118121 0.126707733 0.013546874 0.984424710
6.333333 -0.099035233 0.074297599 -0.165351674 0.110598661 0.125757292 0.009053818 0.985835254
6.400000 -0.099020749 0.072505012 -0.167041093 0.095690936 0.123844326 0.009460676 0.987631679
6.466667 -0.097397633 0.066849709 -0.168489665 0.066350564 0.117668919 0.014839806 0.990722656
6.533333 -0.096163347 0.060849689 -0.170354292 0.039012350 0.113125868 0.024178376 0.992520034
6.600000 -0.094650604 0.055884149 -0.172241464 0.011826138 0.106863827 0.023375757 0.993928492
6.666667 -0.092401624 0.051342901 -0.174913600 -0.018324727 0.100124344 0.022492014 0.994551897
6.733333 -0.088890269 0.045072746 -0.177559465 -0.055332109 0.090353712 0.020276656 0.994164705
6.800000 -0.085939042 0.036149707 -0.178540260 -0.105872624 0.080092110 0.014512530 0.991042674
6.866667 -0.086774886 0.026200593 -0.172377959 -0.154385462 0.091431648 0.024654008 0.983462036
6.933333 -0.086606242 0.023172025 -0.170824662 -0.168034703 0.093147747 0.029095942 0.980938971
7.000000 -0.086477146 0.024016155 -0.171642661 -0.163876936 0.091443807 0.025213014 0.981909752
7.066667 -0.086038567 0.024359521 -0.171915531 -0.163017347 0.089581385 0.024046559 0.982253671
7.133333 -0.086495638 0.022169372 -0.172438726 -0.170588344 0.090411007 0.023020374 0.980915725
7.200000 -0.086729988 0.019712601 -0.172293216 -0.180782765 0.089725368 0.022011353 0.979174435
7.266667 -0.088064328 0.017516034 -0.171910152 -0.190106675 0.093485452 0.020166643 0.977094293
7.333333 -0.088933922 0.014980852 -0.172001764 -0.199612990 0.096157283 0.019424116 0.974951863
7.400000 -0.089286849 0.013634711 -0.171714664 -0.205297858 0.096487902 0.017848114 0.973768115
7.466667 -0.090153426 0.010267948 -0.171743363 -0.219279721 0.098449312 0.016044147 0.970549762
7.533333 -0.090125605 0.008870919 -0.171013609 -0.227663398 0.098659135 0.013875076 0.968629539
7.600000 -0.090489544 0.006657111 -0.170400769 -0.237391755 0.099985167 0.012536939 0.966173410
7.666667 -0.090147786 0.006298749 -0.171684802 -0.242332593 0.096398033 0.004510555 0.965381801
7.733333 -0.090915218 0.004093654 -0.171577930 -0.252363086 0.098010704 -0.000847341 0.962655723
7.800000 -0.092125662 0.001781298 -0.172054216 -0.264037699 0.099038638 -0.006369920 0.959393024
7.866667 -0.092809081 -0.002296588 -0.171434507 -0.284916013 0.099324867 -0.011747567 0.953320205
7.933333 -0.092503183 -0.004452411 -0.171155021 -0.292531729 0.097078890 -0.011185067 0.951249599
8.000000 -0.091723070 -0.007443041 -0.170943111 -0.302738428 0.093819901 -0.008523714 0.948406398
8.066667 -0.092724368 -0.011031106 -0.174228102 -0.310540199 0.091253363 -0.015418527 0.946044326
8.133333 -0.094499782 -0.016928878 -0.174791217 -0.330436587 0.091072246 -0.023258584 0.939136088
8.200000 -0.093943417 -0.018769320 -0.174679130 -0.335990012 0.088395230 -0.021202832 0.937468648
8.266667 -0.093403578 -0.020561203 -0.175640419 -0.337995172 0.083412841 -0.020240605 0.937225640
8.333333 -0.092159688 -0.022310104 -0.175801799 -0.342328817 0.078040324 -0.016039079 0.936196268
8.400000 -0.091170162 -0.023436051 -0.177512139 -0.340254337 0.071847253 -0.013326310 0.937489986
8.466667 -0.089182913 -0.025402009 -0.178418666 -0.342744142 0.061593533 -0.011416600 0.937337935
8.533333 -0.088196948 -0.027569761 -0.180034444 -0.344982266 0.055124734 -0.010471127 0.936930537
8.600000 -0.088224463 -0.029117297 -0.181715056 -0.346435606 0.052848116 -0.013047487 0.936493039
8.666667 -0.091595478 -0.031755164 -0.186443090 -0.348161131 0.055286136 -0.029983625 0.935322523
8.733333 -0.092685483 -0.033777367 -0.187953129 -0.349970162 0.055550087 -0.035050187 0.934455216
8.800000 -0.092602335 -0.036292367 -0.189070150 -0.354392588 0.053697493 -0.036098599 0.932855487
8.866667 -0.092458010 -0.035417922 -0.192632779 -0.343990535 0.049685385 -0.041997425 0.936716676
8.933333 -0.090823248 -0.035966404 -0.194410145 -0.341002375 0.042231079 -0.038463432 0.938325346
9.000000 -0.089771412 -0.036675692 -0.197141483 -0.334222585 0.035706628 -0.036560595 0.941107690
9.066667 -0.092965335 -0.036897998 -0.203013062 -0.321713954 0.039398119 -0.042332899 0.945069253
9.133333 -0.095729046 -0.035929516 -0.210876405 -0.306847751 0.040317912 -0.051362291 0.949516118
9.200000 -0.094300739 -0.037413415 -0.212971956 -0.308684438 0.032775544 -0.048994876 0.949336171
9.266667 -0.093122065 -0.040435027 -0.215309471 -0.315703332 0.025535299 -0.047200590 0.947339177
9.333333 -0.092535585 -0.041233487 -0.215572268 -0.317989409 0.023592262 -0.046720780 0.946648479
9.400000 -0.090338767 -0.041242927 -0.216330588 -0.319530517 0.017642261 -0.048551179 0.946166933
9.466667 -0.089910954 -0.041350111 -0.216380537 -0.320973307 0.017526822 -0.049156245 0.945649326
9.533333 -0.087614633 -0.040905371 -0.216210529 -0.325078011 0.015400077 -0.052164599 0.944121778
9.600000 -0.087784752 -0.040891171 -0.216364637 -0.324604630 0.016318468 -0.052803259 0.944233716
9.666667 -0.086447954 -0.042931765 -0.216704488 -0.330249757 0.010689348 -0.050820019 0.942463875
9.733333 -0.085994773 -0.043385904 -0.217128947 -0.330257535 0.008175692 -0.050233569 0.942517757
9.800000 -0.085633472 -0.043479200 -0.217682078 -0.328883588 0.006244669 -0.050365098 0.943005860
9.866667 -0.084371097 -0.046185061 -0.218571648 -0.333897263 -0.001141525 -0.049859706 0.941289186
9.933333 -0.082561783 -0.046736062 -0.221915156 -0.327791393 -0.011393179 -0.048094954 0.943456352
