0.000000 0.000000000 0.000000000 0.000000000 -0.000000000 -0.000000000 -0.000000000 1.000000000
0.066667 -0.002004636 0.012405147 -0.006293630 0.039720211 0.007749800 0.001436122 0.999179780
0.133333 -0.002827262 0.020914279 -0.011128004 0.063615695 0.009918172 0.007283375 0.997898638
0.200000 -0.006962823 0.032693792 -0.016830180 0.098497793 0.019615488 0.011801390 0.994873941
0.266667 -0.009984806 0.040822104 -0.024433143 0.122388840 0.023868592 0.032258712 0.991670668
0.333333 -0.011513530 0.044465430 -0.028261324 0.131639898 0.028409101 0.038162209 0.990155280
0.400000 -0.011338343 0.045236140 -0.028591648 0.131774768 0.027467860 0.038872838 0.990136325
0.466667 -0.012562484 0.046700176 -0.033745088 0.135239005 0.030154267 0.043232679 0.989409983
0.533333 -0.013724730 0.049226522 -0.038710654 0.144168541 0.032195710 0.050393078 0.987744629
0.600000 -0.015412992 0.052690588 -0.042059675 0.155238971 0.036555335 0.050203774 0.985922992
0.666667 -0.016972067 0.057123929 -0.048989065 0.171209902 0.040163696 0.055097282 0.982872486
0.733333 -0.019903822 0.062394690 -0.052881308 0.190796956 0.047714960 0.060264751 0.978615344
0.800000 -0.023242077 0.067391090 -0.057387289 0.205954581 0.056445349 0.063686244 0.974854231
0.866667 -0.025693104 0.069614783 -0.062208742 0.208497822 0.059052993 0.068495162 0.973832548
0.933333 -0.027516708 0.073160656 -0.065479539 0.213553965 0.062219810 0.067492865 0.972608924
1.000000 -0.031030389 0.075534128 -0.070320562 0.217258155 0.071339183 0.067732409 0.971144676
1.066667 -0.032920938 0.078703344 -0.072905816 0.227486029 0.075924516 0.063685231 0.968725860
1.133333 -0.033911049 0.080607630 -0.073288284 0.234663203 0.079221375 0.061998464 0.966857493
1.200000 -0.034048453 0.080797143 -0.073950782 0.233228773 0.078788236 0.061333828 0.967282236
1.266667 -0.034166757 0.079941951 -0.076185480 0.229511499 0.077713206 0.063517064 0.968117118
1.333333 -0.034764729 0.081936039 -0.077796832 0.234746516 0.078586675 0.059259787 0.967060745
1.400000 -0.034909442 0.082244761 -0.078677662 0.234268889 0.078578584 0.057655931 0.967274189
1.466667 -0.034826949 0.081497550 -0.080656834 0.234252736 0.076635920 0.058930885 0.967357099
1.533333 -0.035074398 0.081506848 -0.083497398 0.238542587 0.076416239 0.058165431 0.966372013
1.600000 -0.036823843 0.078749508 -0.087785073 0.240139976 0.080682486 0.059922028 0.965521872
1.666667 -0.037924483 0.076071657 -0.092636585 0.238887563 0.082910858 0.058653165 0.965721667
1.733333 -0.040056713 0.076057993 -0.095879607 0.242323890 0.089768022 0.056205116 0.964397132
1.800000 -0.042349935 0.078133225 -0.098861150 0.249203056 0.096504964 0.052930776 0.962176144
1.866667 -0.044804525 0.079242475 -0.101527274 0.247844592 0.102133818 0.051985867 0.961997569
1.933333 -0.051511295 0.085429072 -0.104861856 0.258665085 0.107320726 0.046621557 0.958854020
2.000000 -0.051489439 0.085588351 -0.108046710 0.256501615 0.102800131 0.045451570 0.959986091
2.066667 -0.055074058 0.087015226 -0.113757148 0.246631518 0.100438125 0.043665525 0.962901056
2.133333 -0.056001611 0.086246490 -0.119659342 0.233239323 0.093348928 0.044359803 0.966911376
2.200000 -0.055892359 0.084262431 -0.126419559 0.214207545 0.083758056 0.040595815 0.972343385
2.266667 -0.055741433 0.082191095 -0.131599084 0.198174268 0.075566947 0.039303198 0.976458848
2.333333 -0.055133510 0.079249233 -0.135252148 0.181722149 0.067976274 0.039763842 0.980191410
2.400000 -0.054298710 0.076725885 -0.138340071 0.168403506 0.062507354 0.036773939 0.983046710
2.466667 -0.054486960 0.075089648 -0.140406683 0.162674993 0.062457796 0.036479499 0.984024942
2.533333 -0.054913800 0.075339839 -0.140889421 0.165674567 0.064220019 0.035554130 0.983444810
2.600000 -0.054284059 0.073933795 -0.141800001 0.162141263 0.061680153 0.036473986 0.984162331
2.666667 -0.053538088 0.074524149 -0.142576084 0.164650604 0.056641135 0.036673177 0.984041214
2.733333 -0.053498268 0.074679114 -0.142754227 0.165273309 0.056641720 0.036040284 0.983960152
2.800000 -0.052883051 0.071942367 -0.144599766 0.155274540 0.053463880 0.037252225 0.985719919
2.866667 -0.052446038 0.068581946 -0.147595719 0.143396780 0.047887422 0.035728980 0.987860084
2.933333 -0.052384526 0.066483013 -0.149687693 0.137028143 0.045642622 0.037887305 0.988789439
3.000000 -0.052335568 0.064705431 -0.150184184 0.131995246 0.044136267 0.040426657 0.989441752
3.066667 -0.051385388 0.065147460 -0.150975317 0.133414015 0.038679723 0.041292980 0.989444017
3.133333 -0.050812446 0.064664081 -0.151508853 0.133692414 0.036211006 0.042347524 0.989455342
3.200000 -0.050377302 0.065294154 -0.151536584 0.140503898 0.035539456 0.041935336 0.988552988
3.266667 -0.050767269 0.066220634 -0.152822137 0.144666985 0.035925996 0.040584635 0.987994790
3.333333 -0.050255142 0.066728838 -0.153449014 0.146703720 0.033288658 0.038751010 0.987860501
3.400000 -0.049820136 0.066120982 -0.153908014 0.144687980 0.032087211 0.037298225 0.988253355
3.466667 -0.049164530 0.064300977 -0.154350191 0.139912337 0.029079689 0.035881244 0.989086211
3.533333 -0.050585654 0.062912725 -0.158206373 0.134256482 0.030646613 0.028096456 0.990074039
3.600000 -0.051809546 0.061981570 -0.161323503 0.135936797 0.034250431 0.028627899 0.989711344
3.666667 -0.052623346 0.060589332 -0.164144218 0.134606034 0.036718424 0.024451571 0.989916682
3.733333 -0.054007962 0.059682779 -0.169128627 0.127687380 0.035990432 0.017738484 0.991002500
3.800000 -0.054549232 0.058023937 -0.173105672 0.119799122 0.033563558 0.015333449 0.992112160
3.866667 -0.055239595 0.056717873 -0.176175103 0.114271417 0.032307640 0.013318602 0.992834806
3.933333 -0.055463098 0.056300431 -0.178548619 0.112247162 0.030317752 0.013210936 0.993129849
4.000000 -0.055176456 0.055948701 -0.178936616 0.110716969 0.028726900 0.014393580 0.993332446
4.066667 -0.055292338 0.055455636 -0.180801868 0.108319171 0.026913028 0.015013896 0.993638396
4.133333 -0.054271031 0.055296458 -0.182471916 0.107190989 0.020980721 0.012569990 0.993937552
4.200000 -0.054235417 0.053249691 -0.184483305 0.100237750 0.017793292 0.014265610 0.994702101
4.266667 -0.053329248 0.050950658 -0.186218724 0.096584909 0.014692571 0.014812419 0.995106041
4.333333 -0.054424316 0.048496116 -0.182990789 0.096841499 0.023992484 0.013196724 0.994923115
4.400000 -0.057162888 0.046245277 -0.179700270 0.096934147 0.039882619 0.011431402 0.994425714
4.466667 -0.059030961 0.047626756 -0.177423820 0.110889897 0.050089248 0.011505318 0.992502987
4.533333 -0.061331648 0.049413122 -0.177790493 0.119769081 0.056421325 0.005351499 0.991182864
4.600000 -0.061748810 0.048569512 -0.180074722 0.116554655 0.055042088 0.005163061 0.991644442
4.666667 -0.061003085 0.047032423 -0.182525083 0.111218639 0.049656045 0.006405523 0.992533982
4.733333 -0.060693782 0.046733756 -0.183160886 0.110687315 0.047341503 0.008086726 0.992694199
4.800000 -0.060864162 0.047605231 -0.182801247 0.119964018 0.049445335 0.009157014 0.991503894
4.866667 -0.058589987 0.049012542 -0.180299595 0.135087132 0.047315784 0.001482132 0.989702225
4.933333 -0.059897698 0.050988197 -0.179694235 0.146274328 0.052814823 -0.003618049 0.987826586
5.000000 -0.059601456 0.052033257 -0.179300800 0.151360005 0.051971205 -0.002623946 0.987108052
5.066667 -0.058208589 0.052744489 -0.180658489 0.159758791 0.045676179 0.003491103 0.986092627
5.133333 -0.056668375 0.052594218 -0.181797639 0.164247259 0.039722357 0.007547408 0.985590219
5.200000 -0.054818086 0.052704856 -0.179493561 0.174018577 0.036904726 0.013951952 0.983951688
5.266667 -0.053899370 0.054070160 -0.182635367 0.179145023 0.027907353 0.018608559 0.983250737
5.333333 -0.054370817 0.055681929 -0.188714802 0.177210778 0.020832213 0.018969113 0.983769536
5.400000 -0.053688169 0.054905731 -0.193341166 0.169667736 0.014724786 0.021580920 0.985154986
5.466667 -0.051435929 0.053541880 -0.197608829 0.161372051 0.002519756 0.023601478 0.986608148
5.533333 -0.050179232 0.052337915 -0.200734600 0.156816080 -0.005326805 0.029976796 0.987158418
5.600000 -0.048642695 0.051183105 -0.204560250 0.145145983 -0.015181240 0.032745644 0.988751709
5.666667 -0.048567727 0.050901826 -0.210619017 0.131955057 -0.023056107 0.027338145 0.990610361
5.733333 -0.046972174 0.047451872 -0.213707224 0.112903938 -0.031315211 0.029038804 0.992687702
5.800000 -0.044898812 0.044489246 -0.218092427 0.089265272 -0.040578689 0.025834773 0.994845569
5.866667 -0.045697737 0.040704038 -0.218312755 0.071788684 -0.038062260 0.029322384 0.996261954
5.933333 -0.046548847 0.038048524 -0.219308704 0.055706177 -0.035774048 0.024095727 0.997515142
6.000000 -0.045988165 0.035407387 -0.219554037 0.039356653 -0.037793342 0.021214265 0.998284876
6.066667 -0.046329327 0.033076890 -0.219242439 0.025485432 -0.037038136 0.018198071 0.998823106
6.133333 -0.046848971 0.030970266 -0.218752965 0.013309539 -0.035191331 0.019267187 0.999106228
6.200000 -0.046702877 0.030360635 -0.218724221 0.009209795 -0.035507336 0.017373584 0.999175966
6.266667 -0.046689559 0.029812317 -0.218929321 0.003816668 -0.035272114 0.015422506 0.999251485
6.333333 -0.046369676 0.029880706 -0.219820783 -0.000757622 -0.037604161 0.007566586 0.999263823
6.400000 -0.045390889 0.027443694 -0.221483946 -0.016036700 -0.040304687 0.007466929 0.999030828
6.466667 -0.043602683 0.023860512 -0.222917452 -0.036219753 -0.046671562 0.002682048 0.998249829
6.533333 -0.042247247 0.018243188 -0.223173946 -0.062106848 -0.050268084 0.002738830 0.996799052
6.600000 -0.040856976 0.013408557 -0.224710852 -0.085751772 -0.054888748 -0.004139058 0.994794846
6.666667 -0.037631683 0.008807896 -0.225307211 -0.112763867 -0.064715125 -0.013894163 0.991414726
6.733333 -0.034475986 0.004548536 -0.226703808 -0.140924498 -0.073049225 -0.026656281 0.986961782
6.800000 -0.032323465 -0.001124214 -0.229090557 -0.172599345 -0.078015253 -0.040626071 0.981056869
6.866667 -0.033909291 -0.005692535 -0.227046713 -0.194761366 -0.071520537 -0.040862512 0.977385819
6.933333 -0.033579599 -0.006761940 -0.227078944 -0.198353469 -0.073274150 -0.041378073 0.976511478
7.000000 -0.032965671 -0.006473175 -0.227218792 -0.196709767 -0.075925030 -0.042897332 0.976575911
7.066667 -0.032317325 -0.006785369 -0.227486864 -0.197245657 -0.078496456 -0.044150375 0.976208627
7.133333 -0.032079052 -0.009277396 -0.228504837 -0.204162806 -0.079707205 -0.045845911 0.974608898
7.200000 -0.032299686 -0.012127533 -0.228675172 -0.214176491 -0.080318585 -0.050091848 0.972197652
7.266667 -0.033338942 -0.014168226 -0.228633374 -0.222713456 -0.077613592 -0.054506034 0.970259726
7.333333 -0.033797555 -0.015636768 -0.228686213 -0.228505939 -0.076040342 -0.056301825 0.968933940
7.400000 -0.034132469 -0.017257418 -0.228441253 -0.234642640 -0.075854406 -0.058904953 0.967325807
7.466667 -0.033820651 -0.019351881 -0.229696602 -0.241747066 -0.077746794 -0.063794233 0.965113521
7.533333 -0.034491088 -0.021079704 -0.229701906 -0.248763964 -0.075555764 -0.066758253 0.963302255
7.600000 -0.034964971 -0.023394924 -0.229148760 -0.257685184 -0.073625706 -0.066799946 0.961101115
7.666667 -0.034910288 -0.025717709 -0.229731411 -0.267301440 -0.074214324 -0.077204429 0.957643807
7.733333 -0.036691707 -0.027601747 -0.228973374 -0.278519899 -0.069179483 -0.084946893 0.954161882
7.800000 -0.038726084 -0.029947929 -0.229738504 -0.288712382 -0.063232712 -0.091917478 0.950893223
7.866667 -0.042112440 -0.036484636 -0.229184806 -0.313942790 -0.055323187 -0.103653729 0.942143917
7.933333 -0.042721856 -0.038996890 -0.228569642 -0.323496491 -0.054346357 -0.104837433 0.938832045
8.000000 -0.042411748 -0.041834027 -0.228245646 -0.332732290 -0.056449853 -0.104206026 0.935544610
8.066667 -0.042416543 -0.045119543 -0.231734782 -0.336556882 -0.059550114 -0.114584953 0.932766616
8.133333 -0.044124398 -0.051162198 -0.233704716 -0.349998474 -0.060299728 -0.127212912 0.926111162
8.200000 -0.044023041 -0.053147458 -0.233257517 -0.356502056 -0.061514184 -0.124988087 0.923850834
8.266667 -0.041831098 -0.054909114 -0.233775511 -0.358023971 -0.071589053 -0.121440358 0.923009276
8.333333 -0.040870596 -0.056821506 -0.233693808 -0.362523586 -0.076098181 -0.118394539 0.921286345
8.400000 -0.039391711 -0.058535598 -0.234808624 -0.362038255 -0.082437910 -0.115250073 0.921330392
8.466667 -0.037235022 -0.060362794 -0.235140502 -0.363777071 -0.092824094 -0.113203563 0.919910252
8.533333 -0.036009509 -0.062066097 -0.236417413 -0.364399135 -0.098984346 -0.113523066 0.918981969
8.600000 -0.035745900 -0.064354457 -0.238291338 -0.365756750 -0.101263151 -0.117557041 0.917686284
8.666667 -0.037974790 -0.067183398 -0.242695838 -0.367759615 -0.097548574 -0.133864820 0.915050447
8.733333 -0.038055092 -0.069675311 -0.244959697 -0.368880033 -0.098818667 -0.138330460 0.913798153
8.800000 -0.036956668 -0.069264658 -0.248353392 -0.357945979 -0.101394676 -0.140748054 0.917487741
8.866667 -0.034598053 -0.067743272 -0.251899540 -0.343782246 -0.109718867 -0.142979607 0.921592355
8.933333 -0.032225542 -0.068251207 -0.253385931 -0.339969307 -0.117849015 -0.138744965 0.922649622
9.000000 -0.030440133 -0.068607651 -0.255916595 -0.331511199 -0.124608964 -0.137417465 0.925034821
9.066667 -0.032918029 -0.068877012 -0.262668103 -0.316970289 -0.117956430 -0.145476460 0.929759502
9.133333 -0.034093410 -0.066362940 -0.272137046 -0.294926852 -0.114152104 -0.153797418 0.936127067
9.200000 -0.032258108 -0.067448311 -0.274124771 -0.294713467 -0.120477930 -0.152172342 0.935666919
9.266667 -0.030367408 -0.069341928 -0.276074886 -0.297489583 -0.127192780 -0.152054980 0.933917165
9.333333 -0.030343227 -0.070386045 -0.276016384 -0.301229388 -0.127055094 -0.152061448 0.932735324
9.400000 -0.028005067 -0.071565799 -0.275551945 -0.306595057 -0.131604850 -0.149713978 0.930733800
9.466667 -0.027372083 -0.071001612 -0.275641859 -0.305193126 -0.131980002 -0.150106341 0.931078136
9.533333 -0.025480617 -0.068783864 -0.276057810 -0.298735499 -0.130833656 -0.154747054 0.932573318
9.600000 -0.025407063 -0.068738401 -0.276213437 -0.298099995 -0.130637944 -0.155057013 0.932752609
9.666667 -0.023856424 -0.070179932 -0.276648521 -0.300648749 -0.137001738 -0.154986173 0.931031823
9.733333 -0.023462322 -0.070542507 -0.277199984 -0.300105780 -0.138709173 -0.154619992 0.931015015
9.800000 -0.023483556 -0.071404994 -0.277072221 -0.302528977 -0.139550358 -0.155024067 0.930037320
9.866667 -0.021691553 -0.074213974 -0.277776480 -0.307452887 -0.148076415 -0.153393269 0.927370787
9.933333 -0.019352850 -0.075753838 -0.279693067 -0.306475043 -0.158312559 -0.152148247 0.926207900
