3.333333 0.000000000 0.000000000 0.000000000 -0.000000000 -0.000000000 -0.000000000 1.000000000
3.400000 -0.000112797 0.005041808 -0.007468076 0.001319745 -0.000007836 -0.001452182 0.999998093
3.466667 0.014723225 0.019468803 -0.035297982 0.005412043 -0.004104967 -0.006892477 0.999953210
3.533333 0.056008447 0.064811267 -0.070948556 0.012760838 -0.013137081 -0.014875217 0.999721646
3.600000 0.060075387 0.078835778 -0.091756329 0.020581836 -0.015054301 -0.014074459 0.999575794
3.666667 0.041945286 0.070172764 -0.073582269 0.020930417 -0.012738692 -0.017369367 0.999548912
3.733333 0.049584433 0.073554181 -0.095923595 0.014657982 -0.017408088 -0.022193117 0.999494672
3.800000 0.047197133 0.074281245 -0.105761901 0.012955828 -0.020802831 -0.023226911 0.999429822
3.866667 0.051375147 0.080784455 -0.124315590 0.012324400 -0.024756297 -0.027402151 0.999241889
3.933333 0.055781551 0.081164733 -0.145026043 0.011314731 -0.028410422 -0.027620951 0.999150634
4.000000 0.048102841 0.079645611 -0.159144223 0.010696116 -0.027397536 -0.023409149 0.999293268
4.066667 0.044144474 0.072569244 -0.171279371 0.008104201 -0.028563768 -0.026362946 0.999211431
4.133333 0.040706895 0.072382063 -0.188235238 0.008549885 -0.028357474 -0.033820778 0.998988986
4.200000 0.040997956 0.075549833 -0.211424872 0.008689632 -0.029578988 -0.038132861 0.998796999
4.266667 0.035618905 0.071696915 -0.220796481 0.013125326 -0.028579948 -0.038936030 0.998746693
4.333333 0.024139225 0.075771429 -0.216371208 0.030795541 -0.025485389 -0.023789626 0.998917520
4.400000 0.017859146 0.074427962 -0.211648777 0.045934290 -0.023482803 -0.011781982 0.998598933
4.466667 0.007386122 0.062335528 -0.201518476 0.058407646 -0.020719569 0.002377688 0.998074949
4.533333 0.028939020 0.049967803 -0.220746011 0.055971365 -0.025185391 -0.006300683 0.998094797
4.600000 0.018640134 0.056019239 -0.234247044 0.057040490 -0.025510706 -0.005306580 0.998031795
4.666667 0.013546186 0.061816704 -0.244193345 0.059581127 -0.025515253 -0.006596514 0.997875512
4.733333 0.006301234 0.062286194 -0.253471434 0.060336165 -0.024910681 -0.007979413 0.997835338
4.800000 -0.000452573 0.066657908 -0.260076761 0.066348746 -0.023213236 -0.004990538 0.997513950
4.866667 -0.008072392 0.064393058 -0.257777095 0.075793326 -0.019864725 -0.009760325 0.996877909
4.933333 -0.010365061 0.064170107 -0.261348873 0.085804999 -0.016141852 -0.010855523 0.996122062
5.000000 -0.013214492 0.065548271 -0.262900025 0.092473678 -0.014562173 -0.008195777 0.995574892
5.066667 -0.011832746 0.058829289 -0.272724718 0.094154373 -0.014097524 -0.004706815 0.995446682
5.133333 -0.008346072 0.064496204 -0.288205147 0.101453446 -0.015123270 -0.005072250 0.994712412
5.200000 -0.011878332 0.057757452 -0.294991225 0.110686935 -0.012116736 -0.001901153 0.993779659
5.266667 0.007220472 0.037679035 -0.305075437 0.110453248 -0.014535187 -0.002196966 0.993772626
5.333333 0.015683232 0.028410932 -0.314554989 0.110060170 -0.020069867 0.006261290 0.993702590
5.400000 0.005137156 0.033531941 -0.347847402 0.105009459 -0.022202585 0.008702134 0.994185269
5.466667 -0.002464633 0.032996323 -0.390252590 0.098298997 -0.023709901 0.005029075 0.994861782
5.533333 -0.016361846 0.011856781 -0.413440436 0.089115210 -0.022854330 0.001897620 0.995757282
5.600000 -0.025919849 0.007435599 -0.448808432 0.080209985 -0.025391629 0.005465573 0.996439517
5.666667 -0.032705225 0.009023559 -0.511400938 0.071323715 -0.031036189 0.008351512 0.996935248
5.733333 -0.048440401 0.005825564 -0.573268414 0.063862562 -0.032044321 0.012688371 0.997363389
5.800000 -0.063736528 0.008526973 -0.648767591 0.053706266 -0.032161813 0.007812987 0.998008132
5.866667 -0.079905614 -0.000404810 -0.710542142 0.046074148 -0.033359349 0.010125856 0.998329520
5.933333 -0.083247997 -0.013036807 -0.786313593 0.037024070 -0.032798067 -0.001148364 0.998775363
6.000000 -0.076145947 -0.023857675 -0.879980981 0.028825700 -0.037468866 -0.009633534 0.998835504
6.066667 -0.081804626 -0.020938367 -0.901364744 0.026546564 -0.036704369 -0.013251759 0.998885632
6.133333 -0.086564615 -0.008461150 -0.918622673 0.027006753 -0.037348043 -0.006807746 0.998914123
6.200000 -0.090295866 0.001899866 -0.942147791 0.026514823 -0.037003122 -0.001906655 0.998961508
6.266667 -0.090176992 -0.000482442 -0.961846292 0.022529855 -0.036939599 -0.014239193 0.998962045
6.333333 -0.063634172 0.012153731 -1.006408930 0.019894609 -0.040615626 -0.018115431 0.998812497
6.400000 -0.047150534 0.015866689 -1.039697170 0.012515349 -0.042266190 -0.023473028 0.998752236
6.466667 -0.034462377 0.025188930 -1.082149863 0.007095719 -0.043698803 -0.025726903 0.998688221
6.533333 -0.040897295 0.031496208 -1.111378074 0.003447487 -0.040971391 -0.028625038 0.998744249
6.600000 -0.023845114 0.046850108 -1.168557286 0.002370983 -0.042894442 -0.027299587 0.998703778
6.666667 -0.025875635 0.057794861 -1.211320639 -0.004150440 -0.038885299 -0.022856070 0.998973668
6.733333 -0.033434488 0.086258911 -1.261857033 -0.004499386 -0.034864489 -0.017720636 0.999224842
6.800000 -0.059149690 0.082089983 -1.487460852 -0.016042907 -0.029386124 -0.021054499 0.999217629
6.800000 -0.059149690 0.082089983 -1.487460852 -0.016042907 -0.029386124 -0.021054499 0.999217629
6.800000 -0.059149690 0.082089983 -1.487460852 -0.016042907 -0.029386124 -0.021054499 0.999217629
6.800000 -0.059149690 0.082089983 -1.487460852 -0.016042907 -0.029386124 -0.021054499 0.999217629
6.800000 -0.059149690 0.082089983 -1.487460852 -0.016042907 -0.029386124 -0.021054499 0.999217629
6.800000 -0.059149690 0.082089983 -1.487460852 -0.016042907 -0.029386124 -0.021054499 0.999217629
6.800000 -0.059149690 0.082089983 -1.487460852 -0.016042907 -0.029386124 -0.021054499 0.999217629
6.800000 -0.059149690 0.082089983 -1.487460852 -0.016042907 -0.029386124 -0.021054499 0.999217629
6.800000 -0.059149690 0.082089983 -1.487460852 -0.016042907 -0.029386124 -0.021054499 0.999217629
6.800000 -0.059149690 0.082089983 -1.487460852 -0.016042907 -0.029386124 -0.021054499 0.999217629
6.800000 -0.059149690 0.082089983 -1.487460852 -0.016042907 -0.029386124 -0.021054499 0.999217629
6.800000 -0.059149690 0.082089983 -1.487460852 -0.016042907 -0.029386124 -0.021054499 0.999217629
6.800000 -0.059149690 0.082089983 -1.487460852 -0.016042907 -0.029386124 -0.021054499 0.999217629
6.800000 -0.059149690 0.082089983 -1.487460852 -0.016042907 -0.029386124 -0.021054499 0.999217629
6.800000 -0.059149690 0.082089983 -1.487460852 -0.016042907 -0.029386124 -0.021054499 0.999217629
6.800000 -0.059149690 0.082089983 -1.487460852 -0.016042907 -0.029386124 -0.021054499 0.999217629
6.800000 -0.059149690 0.082089983 -1.487460852 -0.016042907 -0.029386124 -0.021054499 0.999217629
6.800000 -0.059149690 0.082089983 -1.487460852 -0.016042907 -0.029386124 -0.021054499 0.999217629
6.800000 -0.059149690 0.082089983 -1.487460852 -0.016042907 -0.029386124 -0.021054499 0.999217629
6.800000 -0.059149690 0.082089983 -1.487460852 -0.016042907 -0.029386124 -0.021054499 0.999217629
6.800000 -0.059149690 0.082089983 -1.487460852 -0.016042907 -0.029386124 -0.021054499 0.999217629
6.800000 -0.059149690 0.082089983 -1.487460852 -0.016042907 -0.029386124 -0.021054499 0.999217629
6.800000 -0.059149690 0.082089983 -1.487460852 -0.016042907 -0.029386124 -0.021054499 0.999217629
6.800000 -0.059149690 0.082089983 -1.487460852 -0.016042907 -0.029386124 -0.021054499 0.999217629
6.800000 -0.059149690 0.082089983 -1.487460852 -0.016042907 -0.029386124 -0.021054499 0.999217629
6.800000 -0.059149690 0.082089983 -1.487460852 -0.016042907 -0.029386124 -0.021054499 0.999217629
6.800000 -0.059149690 0.082089983 -1.487460852 -0.016042907 -0.029386124 -0.021054499 0.999217629
6.800000 -0.059149690 0.082089983 -1.487460852 -0.016042907 -0.029386124 -0.021054499 0.999217629
6.800000 -0.059149690 0.082089983 -1.487460852 -0.016042907 -0.029386124 -0.021054499 0.999217629
6.800000 -0.059149690 0.082089983 -1.487460852 -0.016042907 -0.029386124 -0.021054499 0.999217629
6.800000 -0.059149690 0.082089983 -1.487460852 -0.016042907 -0.029386124 -0.021054499 0.999217629
6.800000 -0.059149690 0.082089983 -1.487460852 -0.016042907 -0.029386124 -0.021054499 0.999217629
6.800000 -0.059149690 0.082089983 -1.487460852 -0.016042907 -0.029386124 -0.021054499 0.999217629
6.800000 -0.059149690 0.082089983 -1.487460852 -0.016042907 -0.029386124 -0.021054499 0.999217629
6.800000 -0.059149690 0.082089983 -1.487460852 -0.016042907 -0.029386124 -0.021054499 0.999217629
6.800000 -0.059149690 0.082089983 -1.487460852 -0.016042907 -0.029386124 -0.021054499 0.999217629
6.800000 -0.059149690 0.082089983 -1.487460852 -0.016042907 -0.029386124 -0.021054499 0.999217629
6.800000 -0.059149690 0.082089983 -1.487460852 -0.016042907 -0.029386124 -0.021054499 0.999217629
6.800000 -0.059149690 0.082089983 -1.487460852 -0.016042907 -0.029386124 -0.021054499 0.999217629
6.800000 -0.059149690 0.082089983 -1.487460852 -0.016042907 -0.029386124 -0.021054499 0.999217629
6.800000 -0.059149690 0.082089983 -1.487460852 -0.016042907 -0.029386124 -0.021054499 0.999217629
6.800000 -0.059149690 0.082089983 -1.487460852 -0.016042907 -0.029386124 -0.021054499 0.999217629
6.800000 -0.059149690 0.082089983 -1.487460852 -0.016042907 -0.029386124 -0.021054499 0.999217629
6.800000 -0.059149690 0.082089983 -1.487460852 -0.016042907 -0.029386124 -0.021054499 0.999217629
6.800000 -0.059149690 0.082089983 -1.487460852 -0.016042907 -0.029386124 -0.021054499 0.999217629
9.866667 0.000000000 0.000000000 0.000000000 -0.000000000 -0.000000000 -0.000000000 1.000000000
9.933333 0.009165157 0.010556046 -0.110310145 0.000964439 -0.003786291 -0.000224058 0.999992371
