3.333333 0.000000000 0.000000000 0.000000000 -0.000000000 -0.000000000 -0.000000000 1.000000000
3.400000 -0.001574987 0.004200195 -0.005604621 0.001043463 0.000257096 -0.001366406 0.999998510
3.466667 0.017063893 0.020265149 -0.040004753 0.005513790 -0.004096217 -0.006043899 0.999958158
3.533333 0.061744131 0.041395634 -0.076789707 0.008826238 -0.013114693 -0.014567859 0.999768913
3.600000 0.072266333 0.048486054 -0.084779911 0.014682369 -0.015345478 -0.013934659 0.999677360
3.666667 0.077284724 0.051684693 -0.092574991 0.017688416 -0.017799163 -0.013184096 0.999598205
3.733333 0.089708693 0.058104448 -0.116615117 0.014001145 -0.022261536 -0.020143393 0.999451220
3.800000 0.095467918 0.070511073 -0.136497080 0.014527202 -0.025920108 -0.022413757 0.999307156
3.866667 0.098531336 0.075769812 -0.149592757 0.014628062 -0.029596668 -0.029066056 0.999032140
3.933333 0.099428840 0.075517856 -0.161323830 0.013515236 -0.031256057 -0.027719909 0.999035537
4.000000 0.093881950 0.072877347 -0.167680278 0.012441646 -0.030278053 -0.028726012 0.999051213
4.066667 0.092896476 0.072365530 -0.177230224 0.010505408 -0.031547926 -0.029572034 0.999009490
4.133333 0.096076235 0.076686844 -0.192580000 0.010939927 -0.033675358 -0.031013293 0.998891592
4.200000 0.107502319 0.079298265 -0.215898365 0.012545933 -0.037019145 -0.041886520 0.998357534
4.266667 0.102847025 0.072109595 -0.219970912 0.014150877 -0.036819123 -0.043595351 0.998270273
4.333333 0.017356716 0.070758432 -0.284552097 0.026173344 -0.023878867 -0.028840436 0.998955965
4.400000 0.036856756 0.035210580 -0.296003819 0.038516469 -0.025913876 -0.020293368 0.998715758
4.466667 0.051696081 0.007459749 -0.305427313 0.051785603 -0.026683221 -0.006200584 0.998282492
4.533333 0.065782703 -0.038993504 -0.348416984 0.049701046 -0.031337954 -0.005739067 0.998255908
4.600000 0.071192943 -0.084637381 -0.382864952 0.045375604 -0.032522090 -0.006996884 0.998415947
4.666667 0.065728232 -0.128970951 -0.404754579 0.037864674 -0.031940520 -0.013234670 0.998684585
4.733333 0.068500556 -0.144181639 -0.463396579 0.035673231 -0.033802412 -0.015400270 0.998672962
4.800000 0.051838264 -0.162319005 -0.486417890 0.038955871 -0.033301722 -0.007254020 0.998659551
4.866667 0.087225504 -0.192480087 -0.390770942 0.052871250 -0.030087082 -0.005262304 0.998134136
4.933333 0.129426360 -0.232774287 -0.318555743 0.053920820 -0.031606536 -0.007785276 0.998014510
5.000000 0.148520142 -0.244403511 -0.370148599 0.051351529 -0.034647744 -0.012639760 0.997999430
5.066667 0.145059869 -0.257486373 -0.365763098 0.053936545 -0.031452335 -0.011881365 0.997978151
5.133333 0.151467055 -0.259395689 -0.370559096 0.055880751 -0.031651437 -0.015044912 0.997822225
5.200000 0.146897033 -0.262890190 -0.361371666 0.062328268 -0.028378556 -0.013075269 0.997566521
5.266667 0.143434301 -0.261068135 -0.375559896 0.064731129 -0.029776379 -0.014239265 0.997356772
5.333333 0.151644289 -0.254028529 -0.401954204 0.068718515 -0.035715956 -0.002924306 0.996992290
5.400000 0.137871549 -0.246212870 -0.419041932 0.072728075 -0.035580900 0.003024578 0.996712387
5.466667 0.127132773 -0.242684692 -0.448351651 0.070762150 -0.034341205 0.001628954 0.996900558
5.533333 0.117092051 -0.252112508 -0.472647876 0.065474980 -0.034215894 0.001682392 0.997265995
5.600000 0.110040151 -0.251621276 -0.514266133 0.060095146 -0.034169957 -0.001669263 0.997606277
5.666667 0.080333829 -0.256940305 -0.611328721 0.033032756 -0.037783336 -0.013159506 0.998653173
5.733333 0.068909734 -0.248629272 -0.728876829 0.018483225 -0.039975770 -0.021071687 0.998807430
5.800000 0.010249540 -0.263597190 -0.807733536 0.002500228 -0.033747137 -0.024449557 0.999128163
5.866667 -0.036468416 -0.291221976 -0.898444593 -0.009526291 -0.029958697 -0.022034202 0.999262869
5.933333 -0.035148282 -0.317700088 -1.023489594 -0.021279374 -0.034662228 -0.026087631 0.998831928
6.000000 -0.052974012 -0.339275658 -1.105925202 -0.027893005 -0.033453211 -0.028252792 0.998651385
6.066667 -0.064256452 -0.362969220 -1.180698276 -0.032270227 -0.034486569 -0.033553138 0.998320341
6.133333 -0.078873359 -0.389545649 -1.252613544 -0.036326688 -0.034966033 -0.036065090 0.998076677
6.200000 -0.107285328 -0.414877653 -1.301399708 -0.039527960 -0.031744748 -0.035651077 0.998077571
6.266667 -0.119844936 -0.443888456 -1.371442199 -0.043952096 -0.031511221 -0.034814142 0.997929513
6.333333 -0.135013327 -0.473912567 -1.439058542 -0.050862193 -0.030954016 -0.046134815 0.997159243
6.400000 -0.143056035 -0.494140387 -1.511621833 -0.058791347 -0.032399382 -0.051316682 0.996423841
6.466667 -0.158885539 -0.506826639 -1.587264776 -0.065328009 -0.030177522 -0.056331646 0.995815396
6.533333 -0.176491573 -0.520946085 -1.644267917 -0.072805144 -0.028409243 -0.065396257 0.994794250
6.600000 -0.222805873 -0.546563745 -1.665587902 -0.084026553 -0.016819825 -0.085403442 0.992654502
6.666667 -0.191463992 -0.536803901 -1.789200544 -0.092108488 -0.012135940 -0.089921162 0.991606236
6.733333 -0.177957460 -0.548810303 -1.893055916 -0.106355391 -0.005468046 -0.110718735 0.988129556
6.800000 -0.228097513 -0.579068959 -2.351108789 -0.108031116 -0.002321195 -0.105051532 0.988578856
6.800000 -0.228097513 -0.579068959 -2.351108789 -0.108031116 -0.002321195 -0.105051532 0.988578856
6.800000 -0.228097513 -0.579068959 -2.351108789 -0.108031116 -0.002321195 -0.105051532 0.988578856
6.800000 -0.228097513 -0.579068959 -2.351108789 -0.108031116 -0.002321195 -0.105051532 0.988578856
6.800000 -0.228097513 -0.579068959 -2.351108789 -0.108031116 -0.002321195 -0.105051532 0.988578856
6.800000 -0.228097513 -0.579068959 -2.351108789 -0.108031116 -0.002321195 -0.105051532 0.988578856
6.800000 -0.228097513 -0.579068959 -2.351108789 -0.108031116 -0.002321195 -0.105051532 0.988578856
6.800000 -0.228097513 -0.579068959 -2.351108789 -0.108031116 -0.002321195 -0.105051532 0.988578856
6.800000 -0.228097513 -0.579068959 -2.351108789 -0.108031116 -0.002321195 -0.105051532 0.988578856
6.800000 -0.228097513 -0.579068959 -2.351108789 -0.108031116 -0.002321195 -0.105051532 0.988578856
6.800000 -0.228097513 -0.579068959 -2.351108789 -0.108031116 -0.002321195 -0.105051532 0.988578856
6.800000 -0.228097513 -0.579068959 -2.351108789 -0.108031116 -0.002321195 -0.105051532 0.988578856
6.800000 -0.228097513 -0.579068959 -2.351108789 -0.108031116 -0.002321195 -0.105051532 0.988578856
6.800000 -0.228097513 -0.579068959 -2.351108789 -0.108031116 -0.002321195 -0.105051532 0.988578856
6.800000 -0.228097513 -0.579068959 -2.351108789 -0.108031116 -0.002321195 -0.105051532 0.988578856
6.800000 -0.228097513 -0.579068959 -2.351108789 -0.108031116 -0.002321195 -0.105051532 0.988578856
6.800000 -0.228097513 -0.579068959 -2.351108789 -0.108031116 -0.002321195 -0.105051532 0.988578856
6.800000 -0.228097513 -0.579068959 -2.351108789 -0.108031116 -0.002321195 -0.105051532 0.988578856
6.800000 -0.228097513 -0.579068959 -2.351108789 -0.108031116 -0.002321195 -0.105051532 0.988578856
6.800000 -0.228097513 -0.579068959 -2.351108789 -0.108031116 -0.002321195 -0.105051532 0.988578856
6.800000 -0.228097513 -0.579068959 -2.351108789 -0.108031116 -0.002321195 -0.105051532 0.988578856
6.800000 -0.228097513 -0.579068959 -2.351108789 -0.108031116 -0.002321195 -0.105051532 0.988578856
6.800000 -0.228097513 -0.579068959 -2.351108789 -0.108031116 -0.002321195 -0.105051532 0.988578856
6.800000 -0.228097513 -0.579068959 -2.351108789 -0.108031116 -0.002321195 -0.105051532 0.988578856
6.800000 -0.228097513 -0.579068959 -2.351108789 -0.108031116 -0.002321195 -0.105051532 0.988578856
6.800000 -0.228097513 -0.579068959 -2.351108789 -0.108031116 -0.002321195 -0.105051532 0.988578856
6.800000 -0.228097513 -0.579068959 -2.351108789 -0.108031116 -0.002321195 -0.105051532 0.988578856
6.800000 -0.228097513 -0.579068959 -2.351108789 -0.108031116 -0.002321195 -0.105051532 0.988578856
6.800000 -0.228097513 -0.579068959 -2.351108789 -0.108031116 -0.002321195 -0.105051532 0.988578856
6.800000 -0.228097513 -0.579068959 -2.351108789 -0.108031116 -0.002321195 -0.105051532 0.988578856
6.800000 -0.228097513 -0.579068959 -2.351108789 -0.108031116 -0.002321195 -0.105051532 0.988578856
6.800000 -0.228097513 -0.579068959 -2.351108789 -0.108031116 -0.002321195 -0.105051532 0.988578856
6.800000 -0.228097513 -0.579068959 -2.351108789 -0.108031116 -0.002321195 -0.105051532 0.988578856
6.800000 -0.228097513 -0.579068959 -2.351108789 -0.108031116 -0.002321195 -0.105051532 0.988578856
6.800000 -0.228097513 -0.579068959 -2.351108789 -0.108031116 -0.002321195 -0.105051532 0.988578856
6.800000 -0.228097513 -0.579068959 -2.351108789 -0.108031116 -0.002321195 -0.105051532 0.988578856
6.800000 -0.228097513 -0.579068959 -2.351108789 -0.108031116 -0.002321195 -0.105051532 0.988578856
6.800000 -0.228097513 -0.579068959 -2.351108789 -0.108031116 -0.002321195 -0.105051532 0.988578856
6.800000 -0.228097513 -0.579068959 -2.351108789 -0.108031116 -0.002321195 -0.105051532 0.988578856
6.800000 -0.228097513 -0.579068959 -2.351108789 -0.108031116 -0.002321195 -0.105051532 0.988578856
6.800000 -0.228097513 -0.579068959 -2.351108789 -0.108031116 -0.002321195 -0.105051532 0.988578856
6.800000 -0.228097513 -0.579068959 -2.351108789 -0.108031116 -0.002321195 -0.105051532 0.988578856
6.800000 -0.228097513 -0.579068959 -2.351108789 -0.108031116 -0.002321195 -0.105051532 0.988578856
6.800000 -0.228097513 -0.579068959 -2.351108789 -0.108031116 -0.002321195 -0.105051532 0.988578856
6.800000 -0.228097513 -0.579068959 -2.351108789 -0.108031116 -0.002321195 -0.105051532 0.988578856
9.866667 0.000000000 0.000000000 0.000000000 -0.000000000 -0.000000000 -0.000000000 1.000000000
9.933333 0.009165157 0.010556046 -0.110310145 0.000964439 -0.003786291 -0.000224058 0.999992371
