0.000000 0.000000000 0.000000000 0.000000000 -0.000000000 -0.000000000 -0.000000000 1.000000000
0.066667 -0.010458670 -0.009542617 0.123847835 0.001221732 -0.000806468 -0.003244717 0.999993682
0.133333 -0.021582115 -0.039994452 0.211254478 0.005266245 -0.001645772 -0.004508458 0.999974668
0.200000 -0.041002490 -0.081288993 0.333983570 0.010853458 -0.007842039 -0.016362417 0.999776483
0.266667 -0.097432949 -0.121676236 0.418888450 0.014498116 -0.000248072 -0.011276411 0.999831319
0.333333 -0.130185574 -0.192164704 0.652619183 0.015591862 0.005210869 -0.014287925 0.999762774
0.400000 -0.074005276 -0.188470289 0.562199235 0.015992470 0.004363083 -0.007281458 0.999836147
0.466667 -0.012451670 -0.205773175 0.650705636 0.029005529 0.000583174 -0.003847164 0.999571681
0.533333 0.002592879 -0.220459163 0.681598783 0.041397415 0.002974038 -0.005081303 0.999125421
0.600000 0.019448832 -0.226059079 0.696386755 0.054228421 -0.000921794 0.001993471 0.998526156
0.666667 0.021039343 -0.237753302 0.712099791 0.062176738 -0.003798808 0.005551813 0.998042524
0.733333 0.026333645 -0.240693226 0.713810146 0.073490664 -0.006253706 0.013592406 0.997183681
0.800000 0.028158732 -0.245490283 0.720058620 0.088058069 -0.009294512 0.019982819 0.995871544
0.866667 0.042835154 -0.242857486 0.707474113 0.101122491 -0.012967562 0.030578252 0.994319439
0.933333 0.079628602 -0.244087771 0.669872940 0.113845207 -0.015951475 0.027834756 0.992980361
1.000000 0.211811438 -0.172075227 0.508283377 0.118919879 -0.027412113 0.036534268 0.991852760
1.066667 0.240710855 -0.151659861 0.457888752 0.120535187 -0.027787887 0.052839749 0.990912259
1.133333 0.254053116 -0.137334943 0.438972533 0.126389995 -0.032500889 0.062079173 0.989502609
1.200000 0.227525428 -0.139115006 0.465278000 0.115921482 -0.026622789 0.030839996 0.992422462
1.266667 0.210078180 -0.120030008 0.472772270 0.117892109 -0.020268572 0.024426781 0.992519021
1.333333 0.208531007 -0.098210901 0.458962649 0.120102294 -0.019276740 0.023889789 0.992286861
1.400000 0.207938343 -0.104415931 0.452578932 0.122501656 -0.017787851 0.028170159 0.991908967
1.466667 0.208954811 -0.118042834 0.455247462 0.124027967 -0.016475420 0.030845540 0.991662383
1.533333 0.210073888 -0.117713980 0.458430767 0.128010333 -0.015308670 0.033675533 0.991082728
1.600000 0.217277259 -0.132616505 0.501434445 0.129241526 -0.016969306 0.035126988 0.990845501
1.666667 0.225064725 -0.141127571 0.530638754 0.126091599 -0.021406436 0.025363317 0.991463244
1.733333 0.222847328 -0.147273540 0.553533971 0.128267795 -0.024288164 0.022145307 0.991194785
1.800000 0.227583468 -0.154982105 0.571381450 0.127405077 -0.026296951 0.014903206 0.991390109
1.866667 0.235678479 -0.162745103 0.586740017 0.128943861 -0.027296804 0.009850943 0.991227210
1.933333 0.244297817 -0.165972710 0.590101063 0.129421517 -0.028639575 -0.000647574 0.991175830
10.000000 0.338166475 -0.290845722 0.953285575 0.128953576 -0.032299794 -0.010602417 0.991067827
10.000000 0.338166475 -0.290845722 0.953285575 0.128953576 -0.032299794 -0.010602417 0.991067827
10.000000 0.338166475 -0.290845722 0.953285575 0.128953576 -0.032299794 -0.010602417 0.991067827
10.000000 0.338166475 -0.290845722 0.953285575 0.128953576 -0.032299794 -0.010602417 0.991067827
10.000000 0.338166475 -0.290845722 0.953285575 0.128953576 -0.032299794 -0.010602417 0.991067827
10.000000 0.338166475 -0.290845722 0.953285575 0.128953576 -0.032299794 -0.010602417 0.991067827
10.000000 0.338166475 -0.290845722 0.953285575 0.128953576 -0.032299794 -0.010602417 0.991067827
10.000000 0.338166475 -0.290845722 0.953285575 0.128953576 -0.032299794 -0.010602417 0.991067827
10.000000 0.338166475 -0.290845722 0.953285575 0.128953576 -0.032299794 -0.010602417 0.991067827
10.000000 0.338166475 -0.290845722 0.953285575 0.128953576 -0.032299794 -0.010602417 0.991067827
10.000000 0.338166475 -0.290845722 0.953285575 0.128953576 -0.032299794 -0.010602417 0.991067827
10.000000 0.338166475 -0.290845722 0.953285575 0.128953576 -0.032299794 -0.010602417 0.991067827
10.000000 0.338166475 -0.290845722 0.953285575 0.128953576 -0.032299794 -0.010602417 0.991067827
10.000000 0.338166475 -0.290845722 0.953285575 0.128953576 -0.032299794 -0.010602417 0.991067827
10.000000 0.338166475 -0.290845722 0.953285575 0.128953576 -0.032299794 -0.010602417 0.991067827
10.000000 0.338166475 -0.290845722 0.953285575 0.128953576 -0.032299794 -0.010602417 0.991067827
10.000000 0.338166475 -0.290845722 0.953285575 0.128953576 -0.032299794 -0.010602417 0.991067827
10.000000 0.338166475 -0.290845722 0.953285575 0.128953576 -0.032299794 -0.010602417 0.991067827
10.000000 0.338166475 -0.290845722 0.953285575 0.128953576 -0.032299794 -0.010602417 0.991067827
10.000000 0.338166475 -0.290845722 0.953285575 0.128953576 -0.032299794 -0.010602417 0.991067827
10.000000 0.338166475 -0.290845722 0.953285575 0.128953576 -0.032299794 -0.010602417 0.991067827
10.000000 0.338166475 -0.290845722 0.953285575 0.128953576 -0.032299794 -0.010602417 0.991067827
10.000000 0.338166475 -0.290845722 0.953285575 0.128953576 -0.032299794 -0.010602417 0.991067827
10.000000 0.338166475 -0.290845722 0.953285575 0.128953576 -0.032299794 -0.010602417 0.991067827
10.000000 0.338166475 -0.290845722 0.953285575 0.128953576 -0.032299794 -0.010602417 0.991067827
10.000000 0.338166475 -0.290845722 0.953285575 0.128953576 -0.032299794 -0.010602417 0.991067827
10.000000 0.338166475 -0.290845722 0.953285575 0.128953576 -0.032299794 -0.010602417 0.991067827
10.000000 0.338166475 -0.290845722 0.953285575 0.128953576 -0.032299794 -0.010602417 0.991067827
10.000000 0.338166475 -0.290845722 0.953285575 0.128953576 -0.032299794 -0.010602417 0.991067827
10.000000 0.338166475 -0.290845722 0.953285575 0.128953576 -0.032299794 -0.010602417 0.991067827
10.000000 0.338166475 -0.290845722 0.953285575 0.128953576 -0.032299794 -0.010602417 0.991067827
10.000000 0.338166475 -0.290845722 0.953285575 0.128953576 -0.032299794 -0.010602417 0.991067827
10.000000 0.338166475 -0.290845722 0.953285575 0.128953576 -0.032299794 -0.010602417 0.991067827
10.000000 0.338166475 -0.290845722 0.953285575 0.128953576 -0.032299794 -0.010602417 0.991067827
10.000000 0.338166475 -0.290845722 0.953285575 0.128953576 -0.032299794 -0.010602417 0.991067827
10.000000 0.338166475 -0.290845722 0.953285575 0.128953576 -0.032299794 -0.010602417 0.991067827
10.000000 0.338166475 -0.290845722 0.953285575 0.128953576 -0.032299794 -0.010602417 0.991067827
10.000000 0.338166475 -0.290845722 0.953285575 0.128953576 -0.032299794 -0.010602417 0.991067827
10.000000 0.338166475 -0.290845722 0.953285575 0.128953576 -0.032299794 -0.010602417 0.991067827
10.000000 0.338166475 -0.290845722 0.953285575 0.128953576 -0.032299794 -0.010602417 0.991067827
10.000000 0.338166475 -0.290845722 0.953285575 0.128953576 -0.032299794 -0.010602417 0.991067827
10.000000 0.338166475 -0.290845722 0.953285575 0.128953576 -0.032299794 -0.010602417 0.991067827
10.000000 0.338166475 -0.290845722 0.953285575 0.128953576 -0.032299794 -0.010602417 0.991067827
10.000000 0.338166475 -0.290845722 0.953285575 0.128953576 -0.032299794 -0.010602417 0.991067827
10.000000 0.338166475 -0.290845722 0.953285575 0.128953576 -0.032299794 -0.010602417 0.991067827
10.000000 0.338166475 -0.290845722 0.953285575 0.128953576 -0.032299794 -0.010602417 0.991067827
13.133333 0.000000000 0.000000000 0.000000000 -0.000000000 -0.000000000 -0.000000000 1.000000000
13.200000 0.007610199 0.036595859 0.075340532 -0.000587331 -0.000133771 -0.001667877 0.999998450
13.266667 0.003119689 0.063254155 0.129972860 -0.002415999 0.000730089 -0.000808946 0.999996483
13.333333 0.009968768 0.106092125 0.193313256 -0.004543735 0.000455240 -0.003319084 0.999984086
13.400000 0.022051618 0.091565542 0.224193811 -0.012133602 -0.002747099 -0.008251957 0.999888599
13.466667 0.029293872 0.068726949 0.210706159 -0.019391190 -0.006334667 -0.010525141 0.999736547
13.533333 0.027277531 0.064537078 0.214112595 -0.018851144 -0.006345322 -0.012229705 0.999727368
13.600000 0.030299975 0.066603214 0.214894816 -0.018259916 -0.007197105 -0.011271965 0.999743819
13.666667 0.030793786 0.064921007 0.215412840 -0.019285163 -0.006662944 -0.013702506 0.999697924
13.733333 0.029333161 0.065214269 0.217855975 -0.020236798 -0.006375950 -0.014631107 0.999667823
13.800000 0.031817533 0.067116402 0.215181813 -0.019620407 -0.006840797 -0.011805081 0.999714434
13.866667 0.033546511 0.063434668 0.220402598 -0.021439655 -0.008540456 -0.015535952 0.999612927
13.933333 0.037516039 0.055132218 0.229308426 -0.026809789 -0.011467468 -0.023740146 0.999292850
14.000000 0.049371004 0.022547202 0.251009196 -0.035726201 -0.022207974 -0.046129633 0.998049378
14.066667 0.052112252 -0.010803715 0.247354180 -0.043530669 -0.024331419 -0.059213556 0.996998906
14.133333 0.061705641 -0.037074801 0.231375679 -0.049099796 -0.028910169 -0.063332073 0.996364653
14.200000 0.071861692 -0.046923105 0.209019601 -0.051112562 -0.031759068 -0.071827933 0.995600164
14.266667 0.073643014 -0.046390597 0.193246603 -0.049613781 -0.031592641 -0.076829553 0.995307803
14.333333 0.068590865 -0.047056094 0.183001399 -0.050765641 -0.030769855 -0.079156570 0.995093167
14.400000 0.049227890 -0.052269172 0.176958278 -0.057206579 -0.025695067 -0.072449602 0.995398521
14.466667 0.051807500 -0.055981439 0.168334588 -0.062335096 -0.029183978 -0.061727855 0.995716989
14.533333 0.048541546 -0.056659769 0.166832820 -0.064556584 -0.031611998 -0.052116428 0.996050715
14.600000 0.052795257 -0.062008146 0.167021573 -0.069056563 -0.035119843 -0.049391970 0.995770216
14.666667 0.047333430 -0.059756465 0.166056931 -0.072355226 -0.035828684 -0.046281952 0.995660067
14.733333 0.045412634 -0.082546465 0.161271647 -0.083553031 -0.037115544 -0.062120240 0.993872404
14.800000 0.049205866 -0.089976370 0.150643528 -0.088254586 -0.038258027 -0.066753522 0.993122101
14.866667 0.046767466 -0.091679484 0.142901361 -0.086689129 -0.037652884 -0.064688921 0.993419647
14.933333 0.041611642 -0.100073792 0.130634189 -0.090057537 -0.035204329 -0.072451234 0.992673695
15.000000 0.034822419 -0.110434845 0.131879061 -0.095109247 -0.036600005 -0.077390403 0.991778910
15.066667 0.032498188 -0.118029505 0.147081569 -0.099370278 -0.038922146 -0.086204223 0.990545034
15.133333 0.046732862 -0.121240169 0.148333773 -0.099059187 -0.048535343 -0.086030968 0.990166783
15.200000 0.047490250 -0.131543353 0.155396760 -0.098611839 -0.056123223 -0.096294023 0.988864720
15.266667 0.030322449 -0.136380851 0.116382621 -0.094860129 -0.053879473 -0.098304711 0.989158630
15.333333 0.029428855 -0.150344208 0.078426301 -0.095175177 -0.055784583 -0.093236670 0.989513397
15.400000 0.028509179 -0.170746952 0.050634630 -0.099151358 -0.057959929 -0.095973566 0.988735914
15.466667 0.027547078 -0.172012046 0.027369037 -0.100818343 -0.057733607 -0.090716884 0.989076853
15.533333 0.030391889 -0.182785586 0.010784432 -0.106211431 -0.059332721 -0.089523271 0.988526344
15.600000 0.028952645 -0.191115558 0.003379977 -0.109763384 -0.060789101 -0.089928441 0.988012969
15.666667 0.027156634 -0.191396207 -0.001116776 -0.109616764 -0.060360488 -0.089827716 0.988064647
15.733333 0.027836902 -0.188919455 -0.004053702 -0.110510975 -0.060211565 -0.086228080 0.988294780
15.800000 0.028979732 -0.192903727 -0.011157116 -0.114752717 -0.061552901 -0.088154502 0.987558544
15.866667 0.030458571 -0.189295664 -0.016604923 -0.115263760 -0.062331203 -0.089170270 0.987358987
15.933333 0.026071198 -0.189698786 -0.016455011 -0.119748764 -0.060382053 -0.093089581 0.986584306
16.000000 0.027537236 -0.185231522 -0.017779358 -0.119412258 -0.060354911 -0.090422563 0.986874759
16.066667 0.029624786 -0.185224637 -0.022782462 -0.121991575 -0.061155546 -0.084536105 0.987031758
16.133333 0.039162446 -0.194003463 -0.039366126 -0.124190904 -0.063244611 -0.085379951 0.986553073
16.200000 0.042813629 -0.205475867 -0.053067204 -0.128956065 -0.064277098 -0.087171040 0.985718012
16.266667 0.038707409 -0.205242544 -0.059686746 -0.130289793 -0.062446497 -0.084747165 0.985871673
16.333333 0.039495695 -0.209839612 -0.064560048 -0.133813605 -0.064492136 -0.089225702 0.984872341
16.400000 0.051173534 -0.213578105 -0.074368969 -0.136528775 -0.069590420 -0.089246824 0.984150410
16.466667 0.070743211 -0.214334905 -0.096246481 -0.136728942 -0.071383968 -0.089063302 0.984010816
16.533333 0.065781832 -0.213893846 -0.094812669 -0.137504235 -0.070430852 -0.087605059 0.984102368
16.600000 0.070680887 -0.212796003 -0.104534395 -0.141418085 -0.070580997 -0.082916386 0.983943164
16.666667 0.088342987 -0.216669351 -0.123414487 -0.147541001 -0.073064387 -0.076575674 0.983376563
16.733333 0.090256356 -0.216897234 -0.131544098 -0.150284156 -0.070385531 -0.072422259 0.983471215
16.800000 0.082185686 -0.216320038 -0.126919433 -0.150860608 -0.069137819 -0.066023096 0.983921766
16.866667 0.078040987 -0.207439065 -0.116964102 -0.152398154 -0.073033735 -0.057214770 0.983954966
16.933333 0.081315607 -0.203941986 -0.117404372 -0.152596757 -0.076898679 -0.053376127 0.983845413
17.000000 0.085084833 -0.202298731 -0.119747296 -0.154315174 -0.080653906 -0.053051502 0.983294129
17.066667 0.082237728 -0.202740863 -0.117693894 -0.155723125 -0.079577036 -0.055615366 0.983018219
17.133333 0.078387178 -0.203066647 -0.114582404 -0.156360149 -0.078014180 -0.056388143 0.982998312
17.200000 0.079580374 -0.202724472 -0.114755772 -0.155547783 -0.078303367 -0.058809202 0.982962370
17.266667 0.078469224 -0.203020483 -0.113751203 -0.156160504 -0.078326009 -0.059422966 0.982826471
17.333333 0.077542432 -0.203316271 -0.112941444 -0.156152070 -0.078191511 -0.060094237 0.982797682
17.400000 0.074782297 -0.205120057 -0.114418328 -0.156819701 -0.075321950 -0.063805863 0.982681513
17.466667 0.076480895 -0.200579748 -0.115468018 -0.155953005 -0.071880750 -0.066657752 0.982887864
17.533333 0.094721623 -0.195559606 -0.118456088 -0.155683517 -0.070960529 -0.066439942 0.983012199
17.600000 0.096712053 -0.188485071 -0.109344445 -0.162547797 -0.071931198 -0.062692374 0.982076287
17.666667 0.092390075 -0.189275444 -0.105586931 -0.168632224 -0.072794847 -0.073108070 0.980264962
17.733333 0.096335255 -0.190578550 -0.112842403 -0.175198495 -0.074385785 -0.069581218 0.979250073
17.800000 0.102154888 -0.184536755 -0.115713976 -0.177614436 -0.076925837 -0.064718075 0.978952050
17.866667 0.101822346 -0.183336586 -0.114600725 -0.180524155 -0.078855522 -0.062918074 0.978383422
17.933333 0.114114650 -0.185729608 -0.129653156 -0.187251821 -0.081149191 -0.060304731 0.977095127
18.000000 0.105782866 -0.184209898 -0.122198559 -0.193670735 -0.077253841 -0.061898604 0.976059437
18.066667 0.105946921 -0.184555784 -0.125136897 -0.194476739 -0.073954083 -0.063192904 0.976071835
18.133333 0.101124406 -0.178246513 -0.121978670 -0.190786824 -0.073427968 -0.061305050 0.976959825
18.200000 0.098157898 -0.176192150 -0.122390375 -0.188666493 -0.070510402 -0.055544268 0.977930486
18.266667 0.101446465 -0.176892310 -0.124098524 -0.187471181 -0.071691014 -0.056382120 0.978026628
18.333333 0.096688539 -0.178721994 -0.123575211 -0.187387154 -0.070008710 -0.058098879 0.978064120
18.400000 0.099767379 -0.178240329 -0.124959536 -0.188228503 -0.071001723 -0.061862297 0.977600038
18.466667 0.099974439 -0.181964353 -0.119641557 -0.191162676 -0.073572755 -0.065444209 0.976606846
18.533333 0.109361291 -0.182177052 -0.124927580 -0.193594426 -0.077645913 -0.063040972 0.975970387
18.600000 0.117328659 -0.186639085 -0.130527809 -0.196880654 -0.081204884 -0.064668871 0.974916279
18.666667 0.109141529 -0.188760012 -0.123432919 -0.201546341 -0.079473302 -0.069360532 0.973782420
18.733333 0.111985996 -0.188739598 -0.124184251 -0.200993627 -0.079918623 -0.070285819 0.973793864
18.800000 0.106124118 -0.188519135 -0.118057802 -0.197341070 -0.077647157 -0.071157522 0.974660993
18.866667 0.104729734 -0.186155200 -0.117299564 -0.193363041 -0.076651789 -0.074574202 0.975281477
18.933333 0.103320651 -0.184251502 -0.115718864 -0.190963835 -0.077572703 -0.079068102 0.975327432
19.000000 0.105608888 -0.180683807 -0.116546944 -0.185588673 -0.077386372 -0.078475095 0.976427078
19.066667 0.105500698 -0.180649221 -0.109339051 -0.186160088 -0.078967586 -0.076086126 0.976380825
19.133333 0.104359947 -0.178355172 -0.105529860 -0.180556968 -0.078803115 -0.074745059 0.977549255
19.200000 0.100443110 -0.176762581 -0.099995211 -0.175008416 -0.076288760 -0.078245215 0.978483438
19.266667 0.104447447 -0.176431030 -0.099604145 -0.171734467 -0.077661425 -0.074853562 0.979220569
19.333333 0.101790905 -0.176457435 -0.095701367 -0.169007450 -0.077822931 -0.074690089 0.979694605
19.400000 0.100910820 -0.175566167 -0.096802466 -0.164628804 -0.077229664 -0.074425854 0.980506897
19.466667 0.101098672 -0.174616084 -0.097214445 -0.159737647 -0.077604741 -0.075257659 0.981222510
19.533333 0.099568494 -0.174029276 -0.096236080 -0.157232046 -0.076801725 -0.079723001 0.981337786
19.600000 0.100201823 -0.174423620 -0.096428618 -0.152938545 -0.074743606 -0.088309899 0.981440067
19.666667 0.103907511 -0.170700580 -0.089363031 -0.151028216 -0.073754430 -0.096797943 0.981010199
19.733333 0.104406133 -0.169706047 -0.081190348 -0.150611579 -0.070970863 -0.098421827 0.981117964
19.800000 0.108400360 -0.166613832 -0.063318148 -0.151896402 -0.072040901 -0.100379318 0.980643451
19.866667 0.109004304 -0.163445592 -0.060146041 -0.150843754 -0.072404355 -0.098899581 0.980929494
19.933333 0.105497397 -0.160590217 -0.058612403 -0.150305480 -0.071891807 -0.097594291 0.981180489
2.066667 0.000000000 0.000000000 0.000000000 -0.000000000 -0.000000000 -0.000000000 1.000000000
2.133333 -0.008768765 -0.010388256 0.056743190 0.001616271 0.002478759 -0.000039488 0.999995649
2.200000 -0.018666519 -0.016606044 0.149449185 0.004818240 0.003292579 -0.003902681 0.999975383
2.266667 -0.019606479 -0.024318513 0.199555263 0.007535647 0.003318548 -0.005460916 0.999951184
2.333333 -0.025926145 -0.025744639 0.222248703 0.010157826 0.003851609 -0.005944136 0.999923348
2.400000 -0.023553634 -0.040967971 0.290352881 0.015491318 0.005891567 -0.009591059 0.999816656
2.466667 -0.029102372 -0.028419146 0.336753428 0.025081681 0.006774164 -0.011043670 0.999601424
2.533333 -0.025302395 -0.025065297 0.325725824 0.034381837 0.006612841 -0.013337288 0.999297917
2.600000 -0.022954797 -0.013350355 0.338198215 0.047341716 0.007614541 -0.022593295 0.998594165
2.666667 -0.016380385 -0.002515982 0.344476372 0.057504613 0.005792623 -0.027270304 0.997955918
2.733333 -0.007180372 -0.002313884 0.378410369 0.067621477 0.002982419 -0.040351715 0.996890306
2.800000 -0.008199872 0.000266220 0.404249817 0.081185333 0.002732272 -0.046617780 0.995604515
2.866667 -0.002473859 0.013506162 0.402822524 0.091414675 0.001605380 -0.045352694 0.994778335
2.933333 -0.007158371 0.015283181 0.416691959 0.099594958 0.002472662 -0.048348647 0.993849635
20.000000 -0.007158370 0.015283181 0.416691989 0.099594958 0.002472662 -0.048348647 0.993849635
20.000000 -0.007158370 0.015283181 0.416691989 0.099594958 0.002472662 -0.048348647 0.993849635
20.000000 -0.007158370 0.015283181 0.416691989 0.099594958 0.002472662 -0.048348647 0.993849635
20.000000 -0.007158370 0.015283181 0.416691989 0.099594958 0.002472662 -0.048348647 0.993849635
20.000000 -0.007158370 0.015283181 0.416691989 0.099594958 0.002472662 -0.048348647 0.993849635
20.000000 -0.007158370 0.015283181 0.416691989 0.099594958 0.002472662 -0.048348647 0.993849635
20.000000 -0.007158370 0.015283181 0.416691989 0.099594958 0.002472662 -0.048348647 0.993849635
20.000000 -0.007158370 0.015283181 0.416691989 0.099594958 0.002472662 -0.048348647 0.993849635
20.000000 -0.007158370 0.015283181 0.416691989 0.099594958 0.002472662 -0.048348647 0.993849635
20.000000 -0.007158370 0.015283181 0.416691989 0.099594958 0.002472662 -0.048348647 0.993849635
20.000000 -0.007158370 0.015283181 0.416691989 0.099594958 0.002472662 -0.048348647 0.993849635
20.000000 -0.007158370 0.015283181 0.416691989 0.099594958 0.002472662 -0.048348647 0.993849635
20.000000 -0.007158370 0.015283181 0.416691989 0.099594958 0.002472662 -0.048348647 0.993849635
20.000000 -0.007158370 0.015283181 0.416691989 0.099594958 0.002472662 -0.048348647 0.993849635
20.000000 -0.007158370 0.015283181 0.416691989 0.099594958 0.002472662 -0.048348647 0.993849635
20.000000 -0.007158370 0.015283181 0.416691989 0.099594958 0.002472662 -0.048348647 0.993849635
20.000000 -0.007158370 0.015283181 0.416691989 0.099594958 0.002472662 -0.048348647 0.993849635
20.000000 -0.007158370 0.015283181 0.416691989 0.099594958 0.002472662 -0.048348647 0.993849635
20.000000 -0.007158370 0.015283181 0.416691989 0.099594958 0.002472662 -0.048348647 0.993849635
20.000000 -0.007158370 0.015283181 0.416691989 0.099594958 0.002472662 -0.048348647 0.993849635
20.000000 -0.007158370 0.015283181 0.416691989 0.099594958 0.002472662 -0.048348647 0.993849635
20.000000 -0.007158370 0.015283181 0.416691989 0.099594958 0.002472662 -0.048348647 0.993849635
20.000000 -0.007158370 0.015283181 0.416691989 0.099594958 0.002472662 -0.048348647 0.993849635
20.000000 -0.007158370 0.015283181 0.416691989 0.099594958 0.002472662 -0.048348647 0.993849635
20.000000 -0.007158370 0.015283181 0.416691989 0.099594958 0.002472662 -0.048348647 0.993849635
20.000000 -0.007158370 0.015283181 0.416691989 0.099594958 0.002472662 -0.048348647 0.993849635
20.000000 -0.007158370 0.015283181 0.416691989 0.099594958 0.002472662 -0.048348647 0.993849635
20.000000 -0.007158370 0.015283181 0.416691989 0.099594958 0.002472662 -0.048348647 0.993849635
20.000000 -0.007158370 0.015283181 0.416691989 0.099594958 0.002472662 -0.048348647 0.993849635
20.000000 -0.007158370 0.015283181 0.416691989 0.099594958 0.002472662 -0.048348647 0.993849635
20.000000 -0.007158370 0.015283181 0.416691989 0.099594958 0.002472662 -0.048348647 0.993849635
20.000000 -0.007158370 0.015283181 0.416691989 0.099594958 0.002472662 -0.048348647 0.993849635
20.000000 -0.007158370 0.015283181 0.416691989 0.099594958 0.002472662 -0.048348647 0.993849635
20.000000 -0.007158370 0.015283181 0.416691989 0.099594958 0.002472662 -0.048348647 0.993849635
20.000000 -0.007158370 0.015283181 0.416691989 0.099594958 0.002472662 -0.048348647 0.993849635
20.000000 -0.007158370 0.015283181 0.416691989 0.099594958 0.002472662 -0.048348647 0.993849635
20.000000 -0.007158370 0.015283181 0.416691989 0.099594958 0.002472662 -0.048348647 0.993849635
20.000000 -0.007158370 0.015283181 0.416691989 0.099594958 0.002472662 -0.048348647 0.993849635
20.000000 -0.007158370 0.015283181 0.416691989 0.099594958 0.002472662 -0.048348647 0.993849635
20.000000 -0.007158370 0.015283181 0.416691989 0.099594958 0.002472662 -0.048348647 0.993849635
20.000000 -0.007158370 0.015283181 0.416691989 0.099594958 0.002472662 -0.048348647 0.993849635
20.000000 -0.007158370 0.015283181 0.416691989 0.099594958 0.002472662 -0.048348647 0.993849635
20.000000 -0.007158370 0.015283181 0.416691989 0.099594958 0.002472662 -0.048348647 0.993849635
20.000000 -0.007158370 0.015283181 0.416691989 0.099594958 0.002472662 -0.048348647 0.993849635
20.000000 -0.007158370 0.015283181 0.416691989 0.099594958 0.002472662 -0.048348647 0.993849635
20.000000 -0.007158370 0.015283181 0.416691989 0.099594958 0.002472662 -0.048348647 0.993849635
23.133333 0.000000000 0.000000000 0.000000000 -0.000000000 -0.000000000 -0.000000000 1.000000000
23.200000 0.004786261 0.005627132 -0.003868583 0.000719953 -0.000609135 0.000289082 0.999999523
23.266667 0.038802527 0.017905667 -0.018803420 0.003436761 -0.004841553 0.002501607 0.999979258
23.333333 0.039593432 -0.002169758 -0.009094968 0.005295066 -0.004755770 0.002472495 0.999971628
23.400000 0.034653876 -0.015957888 0.006623079 0.008311843 -0.003447680 0.000171541 0.999959528
23.466667 0.031251866 -0.019578230 0.011916799 0.008785103 -0.001394005 -0.005152609 0.999947190
23.533333 0.043337017 -0.021728089 0.019189533 0.009151687 -0.001337783 -0.010302219 0.999904156
23.600000 0.041813847 -0.021767449 0.021493703 0.009980946 -0.001007186 -0.010992880 0.999889255
23.666667 0.038216628 -0.023682021 0.027880982 0.012837784 -0.000169829 -0.010667028 0.999860704
23.733333 0.034885481 -0.023074826 0.058321487 0.013192437 0.000503049 -0.012823251 0.999830723
23.800000 0.045404255 0.009013499 0.181516737 0.015240703 -0.001544048 -0.011441277 0.999817193
23.866667 0.061251514 0.035445165 0.265338987 0.017055983 -0.003905245 -0.004063632 0.999838650
23.933333 0.075499006 0.039756395 0.329647481 0.021801515 -0.007675979 -0.000466068 0.999732733
24.000000 0.075704135 0.050287057 0.381081879 0.031501386 -0.007782514 -0.004935095 0.999461234
24.066667 0.072961226 0.053603061 0.395318657 0.034670155 -0.006977784 -0.005343256 0.999360144
24.133333 0.074717268 0.059284750 0.398625165 0.037964590 -0.007396411 -0.005897830 0.999234319
24.200000 0.083226807 0.070933901 0.402572036 0.046968848 -0.008510807 -0.001534714 0.998858929
24.266667 0.089780442 0.080496751 0.395126909 0.053261593 -0.010473539 0.000699469 0.998525441
24.333333 0.089159712 0.079929575 0.396325380 0.057433780 -0.010712117 0.000566952 0.998291731
24.400000 0.088204697 0.089368828 0.396839976 0.062265545 -0.011548012 0.004284464 0.997983634
24.466667 0.092001677 0.098798528 0.393244416 0.068479508 -0.013114624 0.006742959 0.997543514
24.533333 0.087772898 0.102361411 0.399195045 0.074450865 -0.013366980 0.011609086 0.997067511
24.600000 0.094440341 0.107872523 0.394470274 0.076266706 -0.014999097 0.016614852 0.996836185
24.666667 0.094730146 0.111567333 0.396877557 0.079691254 -0.016827339 0.014117183 0.996577561
24.733333 0.091911733 0.119005285 0.399738550 0.082940556 -0.016270146 0.016025547 0.996292830
24.800000 0.101216748 0.135279596 0.406321704 0.090055920 -0.020097617 0.018790826 0.995556593
24.866667 0.101868883 0.132966086 0.417879552 0.092559941 -0.021131579 0.023074962 0.995215416
24.933333 0.099395536 0.143772423 0.424619079 0.098189749 -0.022943191 0.023066588 0.994635761
25.000000 0.115184277 0.174274102 0.436534822 0.109381638 -0.028955182 0.022460677 0.993324101
25.066667 0.120351553 0.203005403 0.442493200 0.120578781 -0.033094820 0.029818140 0.991703808
25.133333 0.117089294 0.218328744 0.444833487 0.127293497 -0.034539394 0.032840472 0.990719438
25.200000 0.124230139 0.226285756 0.451234519 0.135708973 -0.037882719 0.031615317 0.989519298
25.266667 0.120753929 0.222434521 0.462735057 0.140876472 -0.038242564 0.025579302 0.988957524
25.333333 0.121919014 0.223572806 0.466538727 0.146849886 -0.041050438 0.019298403 0.988118172
25.400000 0.114348195 0.220050514 0.468524277 0.147875801 -0.038854446 0.018577401 0.988067806
25.466667 0.104766004 0.215918601 0.477617919 0.150552496 -0.037560567 0.025212504 0.987566471
25.533333 0.106661625 0.216968507 0.477307558 0.153908536 -0.037987061 0.025979307 0.987012804
25.600000 0.116827756 0.225257024 0.468831688 0.163693205 -0.042156190 0.025110826 0.985290229
25.666667 0.116724215 0.226179540 0.470028818 0.172792032 -0.042579073 0.027254248 0.983660102
25.733333 0.108920515 0.221488059 0.477113813 0.185560659 -0.041327003 0.023840608 0.981473863
25.800000 0.119449392 0.224549383 0.470990390 0.197490677 -0.047506325 0.017294532 0.979000270
25.866667 0.122561425 0.225010008 0.471273214 0.200611144 -0.050066631 0.021867616 0.978146374
25.933333 0.120094933 0.220999300 0.474464357 0.202296957 -0.049701132 0.020176452 0.977854133
26.000000 0.116437338 0.222986892 0.478357255 0.207771033 -0.048301846 0.018873490 0.976801872
26.066667 0.111227900 0.223327324 0.484181911 0.210951105 -0.046207946 0.016874271 0.976258039
26.133333 0.112286285 0.224486530 0.488008946 0.215884566 -0.046887249 0.015557571 0.975168407
26.200000 0.107290320 0.216857105 0.502632201 0.219264448 -0.044885978 0.015435985 0.974510193
26.266667 0.106255017 0.213826820 0.509114504 0.223629594 -0.044902388 0.013227457 0.973549485
26.333333 0.103259139 0.210479409 0.515230179 0.225355908 -0.044942304 0.016456159 0.973100245
26.400000 0.101704158 0.212089598 0.518477798 0.228944764 -0.044657938 0.015200742 0.972295702
26.466667 0.104969285 0.214500815 0.518414319 0.232023448 -0.047917258 0.011014399 0.971466780
26.533333 0.108256094 0.219550833 0.515485048 0.235144019 -0.050970037 0.011722173 0.970552385
26.600000 0.104105726 0.215609267 0.519046664 0.235871643 -0.049598712 0.010035636 0.970465839
26.666667 0.101858266 0.213529930 0.521020472 0.236500442 -0.048539937 0.009152510 0.970375061
26.733333 0.101500213 0.214138359 0.520713806 0.236965701 -0.049503904 0.009334959 0.970211029
26.800000 0.100162037 0.213107556 0.521617472 0.237161234 -0.049171116 0.010768072 0.970165372
26.866667 0.099400394 0.212331980 0.522171497 0.237340271 -0.048770916 0.010782438 0.970141649
26.933333 0.101135150 0.212939814 0.520813882 0.237700075 -0.049410887 0.010312060 0.970026255
27.000000 0.099239163 0.210142344 0.522265553 0.237425685 -0.049055554 0.010818495 0.970106006
27.066667 0.101051383 0.209959388 0.521096528 0.236995161 -0.049797293 0.010912715 0.970172346
27.133333 0.100492224 0.208978727 0.521065354 0.237158820 -0.049570296 0.010816621 0.970145106
27.200000 0.104975589 0.212070778 0.517211139 0.238499433 -0.051169738 0.012329416 0.969715238
3.066667 0.000000000 0.000000000 0.000000000 -0.000000000 -0.000000000 -0.000000000 1.000000000
3.133333 -0.049659919 -0.006041510 0.064900152 0.005978050 0.007404594 -0.003608834 0.999948204
3.200000 -0.052833010 0.011439809 0.080705695 0.014239284 0.006479081 0.000209967 0.999877632
3.266667 -0.049184334 0.017538294 0.078535110 0.016734947 0.005985357 -0.003165127 0.999837041
3.333333 -0.048262462 0.021247720 0.078316934 0.019366156 0.005888182 -0.004873996 0.999783218
3.400000 -0.049413245 0.026481133 0.077043869 0.023588659 0.006416691 -0.005135805 0.999687970
3.466667 -0.063164860 0.054928664 0.082477547 0.028759465 0.008290625 -0.004679949 0.999541044
3.533333 -0.060284100 0.058636580 0.075254917 0.028963417 0.008968410 -0.002213622 0.999537826
3.600000 -0.045598492 0.034174386 0.061958876 0.029191056 0.008019366 -0.003121535 0.999536812
3.666667 -0.060108636 0.062479347 0.073026039 0.034553438 0.009856620 -0.004325323 0.999344885
3.733333 -0.060718615 0.063488454 0.073230729 0.036849614 0.009775788 -0.002500365 0.999269903
3.800000 -0.059460085 0.063288279 0.073952839 0.039325278 0.010312359 0.002522215 0.999170065
3.866667 -0.059699625 0.063605361 0.073091835 0.042991631 0.010756970 0.003943800 0.999009788
3.933333 -0.065602414 0.059852246 0.082974494 0.047343813 0.011551348 0.000433008 0.998811781
4.000000 -0.069689795 0.058126468 0.092001595 0.049725961 0.011335016 -0.003285924 0.998693168
4.066667 -0.070184693 0.057779152 0.093201146 0.048635714 0.011795972 -0.006568952 0.998725355
4.133333 -0.067414165 0.059252214 0.088908374 0.049214687 0.012185439 -0.009819799 0.998665631
4.200000 -0.070523232 0.059773192 0.092475370 0.049845766 0.013338073 -0.014571200 0.998561561
4.266667 -0.072632559 0.058157749 0.095110707 0.049677245 0.013458217 -0.018738007 0.998498857
4.333333 -0.071405277 0.062602058 0.090432189 0.048011944 0.014822749 -0.015800176 0.998611808
4.400000 -0.073383428 0.059188858 0.094186783 0.045078754 0.014778033 -0.023340570 0.998601377
4.466667 -0.069418855 0.066134512 0.110429488 0.048880454 0.014833571 -0.028267277 0.998294353
4.533333 -0.068572074 0.062709302 0.113438033 0.049155958 0.015061057 -0.029987231 0.998227239
4.600000 -0.079004206 0.056510359 0.125777960 0.049738578 0.017656570 -0.032312341 0.998083293
4.666667 -0.085895687 0.056055222 0.138542920 0.051472332 0.018641422 -0.038834453 0.997744977
4.733333 -0.083117455 0.055983491 0.135283411 0.051948786 0.016857212 -0.045898307 0.997452021
4.800000 -0.089159444 0.067342661 0.142166436 0.058035523 0.016298579 -0.053368025 0.996753752
4.866667 -0.101625532 0.064249977 0.157827854 0.060621165 0.018542066 -0.053063117 0.996576905
4.933333 -0.101791441 0.060499828 0.172962084 0.061832625 0.018781310 -0.055269230 0.996378124
5.000000 -0.100955538 0.057604752 0.184730917 0.062801123 0.019099681 -0.056289408 0.996254385
5.066667 -0.101620980 0.055165928 0.189077377 0.062920839 0.019377628 -0.056976002 0.996202409
5.133333 -0.103528634 0.054617524 0.191736981 0.063005805 0.019901512 -0.057050038 0.996182501
5.200000 -0.103686169 0.053507488 0.191723317 0.062825926 0.019816307 -0.057056122 0.996195197
5.266667 -0.099539228 0.054971654 0.186187223 0.063141614 0.019525001 -0.058051955 0.996123433
5.333333 -0.099626094 0.054653518 0.186944529 0.063641280 0.019338500 -0.057716455 0.996114790
5.400000 -0.099917285 0.054728262 0.187516540 0.064517640 0.019607550 -0.056562390 0.996119320
5.466667 -0.108123854 0.053687092 0.197161987 0.064412400 0.020864040 -0.056361146 0.996112049
5.533333 -0.108785652 0.054503269 0.198924512 0.064654447 0.020878466 -0.057100542 0.996053934
5.600000 -0.108445846 0.052988727 0.197373554 0.064137392 0.020614492 -0.058213409 0.996028483
5.666667 -0.108945914 0.053505134 0.198186368 0.064226143 0.020677647 -0.058326852 0.996014833
5.733333 -0.107325099 0.053172961 0.198304474 0.064205676 0.020316912 -0.058217812 0.996029913
5.800000 -0.107467182 0.051959097 0.208182827 0.064106211 0.020674642 -0.056369912 0.996135235
5.866667 -0.104387395 0.051719751 0.216129646 0.063982673 0.020409115 -0.056636617 0.996133506
5.933333 -0.102419756 0.051193990 0.218934953 0.063489296 0.020255677 -0.056552693 0.996172965
6.000000 -0.100534759 0.050267898 0.219868809 0.062338777 0.019952066 -0.056697790 0.996243536
6.066667 -0.103152417 0.050340738 0.223994568 0.062144440 0.020638632 -0.056824867 0.996234477
6.133333 -0.102772467 0.048220888 0.224378824 0.061065730 0.020745410 -0.056929331 0.996293008
6.200000 -0.101958118 0.052744403 0.233708426 0.056203965 0.020890092 -0.056321096 0.996610641
6.266667 -0.098690562 0.055151213 0.240204960 0.055541806 0.020837544 -0.056243263 0.996653199
6.333333 -0.096801229 0.056462910 0.246368468 0.048985206 0.022359231 -0.057994515 0.996863663
6.400000 -0.097211063 0.060210064 0.227741122 0.028498264 0.034161307 -0.045065008 0.997992992
6.466667 -0.092329614 0.070428714 0.209767446 0.027760057 0.043308198 -0.055515554 0.997131824
6.533333 -0.103474177 0.072970547 0.227884263 0.027891716 0.042519614 -0.058196500 0.997009218
6.600000 -0.106121302 0.069852434 0.259103566 0.036944743 0.027646679 -0.058428507 0.997224629
6.666667 -0.102594957 0.072993591 0.280992597 0.045027163 0.018797163 -0.049939431 0.997559667
6.733333 -0.103563070 0.085981935 0.299288511 0.053357411 0.012091654 -0.031758010 0.997997105
6.800000 -0.097366281 0.090976745 0.287294924 0.056239840 0.014778896 -0.035714440 0.997668862
6.866667 -0.101655126 0.092209004 0.294209480 0.058706731 0.018493466 -0.035399899 0.997475982
6.933333 -0.095814735 0.097002491 0.288526624 0.064004891 0.020199349 -0.036518335 0.997076631
7.000000 -0.100222647 0.098411500 0.291641146 0.066676214 0.021720953 -0.043272465 0.996599257
7.066667 -0.105461486 0.106872723 0.309267312 0.064079411 0.016588176 -0.045300893 0.996778071
7.133333 -0.106686734 0.122518457 0.291290551 0.066992261 0.021989584 -0.047859196 0.996362388
7.200000 -0.128542319 0.119103082 0.261607111 0.064607546 -0.012316779 -0.028422970 0.997429848
7.266667 0.013056977 -0.447304040 -1.532025218 0.003155820 -0.144544914 -0.045079511 0.988465846
7.266667 0.013056977 -0.447304040 -1.532025218 0.003155820 -0.144544914 -0.045079511 0.988465846
7.266667 0.013056977 -0.447304040 -1.532025218 0.003155820 -0.144544914 -0.045079511 0.988465846
7.266667 0.013056977 -0.447304040 -1.532025218 0.003155820 -0.144544914 -0.045079511 0.988465846
7.266667 0.013056977 -0.447304040 -1.532025218 0.003155820 -0.144544914 -0.045079511 0.988465846
7.266667 0.013056977 -0.447304040 -1.532025218 0.003155820 -0.144544914 -0.045079511 0.988465846
7.266667 0.013056977 -0.447304040 -1.532025218 0.003155820 -0.144544914 -0.045079511 0.988465846
7.266667 0.013056977 -0.447304040 -1.532025218 0.003155820 -0.144544914 -0.045079511 0.988465846
7.266667 0.013056977 -0.447304040 -1.532025218 0.003155820 -0.144544914 -0.045079511 0.988465846
7.266667 0.013056977 -0.447304040 -1.532025218 0.003155820 -0.144544914 -0.045079511 0.988465846
7.266667 0.013056977 -0.447304040 -1.532025218 0.003155820 -0.144544914 -0.045079511 0.988465846
7.266667 0.013056977 -0.447304040 -1.532025218 0.003155820 -0.144544914 -0.045079511 0.988465846
7.266667 0.013056977 -0.447304040 -1.532025218 0.003155820 -0.144544914 -0.045079511 0.988465846
7.266667 0.013056977 -0.447304040 -1.532025218 0.003155820 -0.144544914 -0.045079511 0.988465846
7.266667 0.013056977 -0.447304040 -1.532025218 0.003155820 -0.144544914 -0.045079511 0.988465846
7.266667 0.013056977 -0.447304040 -1.532025218 0.003155820 -0.144544914 -0.045079511 0.988465846
7.266667 0.013056977 -0.447304040 -1.532025218 0.003155820 -0.144544914 -0.045079511 0.988465846
7.266667 0.013056977 -0.447304040 -1.532025218 0.003155820 -0.144544914 -0.045079511 0.988465846
7.266667 0.013056977 -0.447304040 -1.532025218 0.003155820 -0.144544914 -0.045079511 0.988465846
7.266667 0.013056977 -0.447304040 -1.532025218 0.003155820 -0.144544914 -0.045079511 0.988465846
7.266667 0.013056977 -0.447304040 -1.532025218 0.003155820 -0.144544914 -0.045079511 0.988465846
7.266667 0.013056977 -0.447304040 -1.532025218 0.003155820 -0.144544914 -0.045079511 0.988465846
7.266667 0.013056977 -0.447304040 -1.532025218 0.003155820 -0.144544914 -0.045079511 0.988465846
7.266667 0.013056977 -0.447304040 -1.532025218 0.003155820 -0.144544914 -0.045079511 0.988465846
7.266667 0.013056977 -0.447304040 -1.532025218 0.003155820 -0.144544914 -0.045079511 0.988465846
7.266667 0.013056977 -0.447304040 -1.532025218 0.003155820 -0.144544914 -0.045079511 0.988465846
7.266667 0.013056977 -0.447304040 -1.532025218 0.003155820 -0.144544914 -0.045079511 0.988465846
7.266667 0.013056977 -0.447304040 -1.532025218 0.003155820 -0.144544914 -0.045079511 0.988465846
7.266667 0.013056977 -0.447304040 -1.532025218 0.003155820 -0.144544914 -0.045079511 0.988465846
7.266667 0.013056977 -0.447304040 -1.532025218 0.003155820 -0.144544914 -0.045079511 0.988465846
7.266667 0.013056977 -0.447304040 -1.532025218 0.003155820 -0.144544914 -0.045079511 0.988465846
7.266667 0.013056977 -0.447304040 -1.532025218 0.003155820 -0.144544914 -0.045079511 0.988465846
7.266667 0.013056977 -0.447304040 -1.532025218 0.003155820 -0.144544914 -0.045079511 0.988465846
7.266667 0.013056977 -0.447304040 -1.532025218 0.003155820 -0.144544914 -0.045079511 0.988465846
7.266667 0.013056977 -0.447304040 -1.532025218 0.003155820 -0.144544914 -0.045079511 0.988465846
7.266667 0.013056977 -0.447304040 -1.532025218 0.003155820 -0.144544914 -0.045079511 0.988465846
7.266667 0.013056977 -0.447304040 -1.532025218 0.003155820 -0.144544914 -0.045079511 0.988465846
7.266667 0.013056977 -0.447304040 -1.532025218 0.003155820 -0.144544914 -0.045079511 0.988465846
7.266667 0.013056977 -0.447304040 -1.532025218 0.003155820 -0.144544914 -0.045079511 0.988465846
7.266667 0.013056977 -0.447304040 -1.532025218 0.003155820 -0.144544914 -0.045079511 0.988465846
7.266667 0.013056977 -0.447304040 -1.532025218 0.003155820 -0.144544914 -0.045079511 0.988465846
