0.000000 0.000000000 0.000000000 0.000000000 -0.000000000 -0.000000000 -0.000000000 1.000000000
0.066667 0.000196630 0.002149648 -0.001560435 0.013962007 -0.001046990 -0.002637937 0.999898553
0.133333 -0.001011266 0.006566963 -0.003678089 0.038582407 0.004328592 -0.002256294 0.999243498
0.200000 -0.002670200 0.009799853 -0.006475666 0.056752846 0.010917981 -0.001246422 0.998327792
0.266667 -0.004061858 0.011698028 -0.009966603 0.071415760 0.015780620 0.001922118 0.997319937
0.333333 -0.005391504 0.014461807 -0.012636959 0.089691631 0.019158367 0.000968319 0.995784819
0.400000 -0.006771699 0.012150649 -0.015598257 0.095767476 0.022974253 0.003052273 0.995133936
0.466667 -0.006905783 0.010816708 -0.017867856 0.106602959 0.023760919 0.004175059 0.994008958
0.533333 -0.008393656 0.011822534 -0.020548558 0.120861173 0.028236872 0.001381400 0.992266774
0.600000 -0.008869571 0.011150924 -0.021874644 0.131300822 0.028601075 -0.000912247 0.990929484
0.666667 -0.009199638 0.011067339 -0.024078419 0.135838971 0.028162519 -0.001081396 0.990329981
0.733333 -0.009023399 0.010701409 -0.026567427 0.136329576 0.025209252 -0.001228464 0.990342021
0.800000 -0.009495721 0.009248532 -0.028027464 0.136095479 0.024888746 -0.001748090 0.990381539
0.866667 -0.010239137 0.008577759 -0.028935324 0.140016124 0.028205665 -0.002711540 0.989743710
0.933333 -0.010764127 0.006645820 -0.030030131 0.138773143 0.029367357 -0.002667318 0.989885092
1.000000 -0.010819026 0.007049490 -0.031050814 0.141981661 0.027983593 -0.002147374 0.989471316
1.066667 -0.009292925 0.007291764 -0.031591009 0.143751040 0.020962197 -0.000968370 0.989391387
1.133333 -0.008374379 0.006873971 -0.031643793 0.145160407 0.017021233 0.002657255 0.989258170
1.200000 -0.008945579 0.006617150 -0.032521680 0.146035895 0.016981648 0.005053739 0.989120662
1.266667 -0.008880797 0.005412281 -0.033010706 0.143827796 0.016657619 0.007580945 0.989433527
1.333333 -0.008444909 0.003690643 -0.034246083 0.140978694 0.014898563 0.009790696 0.989852130
1.400000 -0.008003686 0.002561589 -0.035059746 0.142052844 0.013262629 0.010216501 0.989717484
1.466667 -0.006995295 0.002258133 -0.035462335 0.144274518 0.009962516 0.012697799 0.989406109
1.533333 -0.007481088 0.000791434 -0.035655510 0.142872468 0.010794098 0.013199813 0.989594221
1.600000 -0.008281210 -0.000932016 -0.035952937 0.142160252 0.014184004 0.011367215 0.989676774
1.666667 -0.008999357 -0.001914704 -0.036331888 0.140853539 0.016593648 0.010340516 0.989837348
1.733333 -0.008818279 -0.001937299 -0.037186049 0.140881270 0.014660339 0.011862212 0.989846885
1.800000 -0.009481209 -0.003137414 -0.037376948 0.138124689 0.014110283 0.006461840 0.990293264
1.866667 -0.009779887 -0.003302201 -0.038645789 0.138696909 0.012558454 0.003843964 0.990247786
1.933333 -0.009057489 -0.004026702 -0.039180648 0.137054875 0.008602541 0.001481756 0.990525007
2.000000 -0.010105623 -0.006033504 -0.041217320 0.131530747 0.005291186 0.000089709 0.991297960
2.066667 -0.011750085 -0.007582755 -0.045398571 0.121391110 -0.000641119 -0.014208986 0.992502868
2.133333 -0.014165469 -0.009629617 -0.050774913 0.107924625 -0.004512910 -0.026435623 0.993797302
2.200000 -0.017450031 -0.010439117 -0.053514201 0.103249669 -0.006198101 -0.033049967 0.994086921
2.266667 -0.019613907 -0.013844883 -0.056920018 0.092533074 -0.004400894 -0.032563817 0.995167255
2.333333 -0.019527366 -0.017485561 -0.059237190 0.082047924 -0.007169101 -0.030888952 0.996123791
2.400000 -0.018221885 -0.019454194 -0.060699854 0.076833211 -0.012276726 -0.031600136 0.996467471
2.466667 -0.016360804 -0.021656068 -0.061630119 0.071796171 -0.016485559 -0.029533666 0.996845663
2.533333 -0.015294554 -0.023129068 -0.063351646 0.069281772 -0.020062655 -0.028501576 0.996988058
2.600000 -0.014831738 -0.026906369 -0.068173699 0.057816766 -0.024006540 -0.029613920 0.997599065
2.666667 -0.013455439 -0.033015680 -0.076397844 0.035717539 -0.031855386 -0.032510284 0.998324871
2.733333 -0.013443822 -0.036935106 -0.080701292 0.021366345 -0.034948487 -0.036380623 0.998498142
2.800000 -0.013117606 -0.038065165 -0.084150784 0.018890981 -0.039405171 -0.035817258 0.998402476
2.866667 -0.011008675 -0.037631467 -0.086660601 0.020287527 -0.048509143 -0.037629932 0.997907460
2.933333 -0.009760319 -0.039983504 -0.093731634 0.009730166 -0.058847334 -0.032912120 0.997676849
3.000000 -0.006517931 -0.041600987 -0.097725518 -0.005232776 -0.073947608 -0.026684102 0.996891379
3.066667 -0.003376652 -0.048582483 -0.100508019 -0.031731110 -0.085014924 -0.014849291 0.995763600
3.133333 -0.003187925 -0.052511860 -0.100245439 -0.050708830 -0.085518599 -0.010943122 0.994985163
3.200000 -0.003229031 -0.057762749 -0.101412512 -0.069715403 -0.084596232 -0.010107717 0.993922114
3.266667 -0.003865434 -0.066695854 -0.103854358 -0.098963916 -0.081840307 -0.006097910 0.991701126
3.333333 -0.004194032 -0.072410740 -0.105801463 -0.117746301 -0.081988417 -0.008787270 0.989614308
3.400000 -0.003678186 -0.077484041 -0.107848354 -0.131566435 -0.083837263 -0.003693166 0.987748921
3.466667 -0.002166558 -0.082196176 -0.110531658 -0.143391728 -0.089179754 -0.002757016 0.985635936
3.533333 -0.000727481 -0.087734342 -0.112395622 -0.158335432 -0.093133740 0.000949959 0.982982755
3.600000 0.000903599 -0.093723491 -0.114897639 -0.173332408 -0.098696537 0.003527984 0.979899228
3.666667 0.003311611 -0.098453045 -0.116881430 -0.184266672 -0.105970703 0.006594155 0.977124631
3.733333 0.005449371 -0.104945123 -0.119178444 -0.199336395 -0.111817330 0.010755774 0.973471284
3.800000 0.008637496 -0.115889408 -0.120299399 -0.229815066 -0.118110813 0.017706953 0.965878546
3.866667 0.011041153 -0.124857083 -0.120874055 -0.254276484 -0.122582987 0.021655848 0.959087014
3.933333 0.012559592 -0.126866147 -0.120580673 -0.260708004 -0.126843289 0.024682796 0.956730366
4.000000 0.014462440 -0.128577545 -0.122066230 -0.261679500 -0.131954253 0.028498493 0.955667198
4.066667 0.016933661 -0.133842096 -0.121814854 -0.273166358 -0.137939274 0.034158729 0.951412678
4.133333 0.019173525 -0.136383727 -0.122867465 -0.276076734 -0.144256651 0.037568279 0.949505270
4.200000 0.021456912 -0.141904667 -0.122802950 -0.291101366 -0.150294363 0.038127355 0.944043398
4.266667 0.023355780 -0.149269447 -0.121460289 -0.314078182 -0.155553654 0.036868751 0.935841203
4.333333 0.024565345 -0.154256612 -0.121503986 -0.325498432 -0.157452703 0.037091933 0.931602716
4.400000 0.026433690 -0.163969368 -0.122473761 -0.346922219 -0.160382494 0.031655155 0.923536897
4.466667 0.027080737 -0.167558208 -0.122132935 -0.355400741 -0.161340326 0.031580474 0.920142531
4.533333 0.029389808 -0.170620054 -0.121331677 -0.362856507 -0.167833820 0.036191486 0.915891469
4.600000 0.031351935 -0.173008904 -0.121266551 -0.367063433 -0.171879590 0.036539756 0.913447738
4.666667 0.032985989 -0.177234828 -0.120936401 -0.376538783 -0.174870282 0.036020003 0.909033239
4.733333 0.034125358 -0.181135207 -0.120704643 -0.384109020 -0.178324342 0.031131042 0.905368209
4.800000 0.034162063 -0.186291590 -0.120869808 -0.392184913 -0.175402358 0.028835069 0.902548373
4.866667 0.033418134 -0.191286534 -0.121168889 -0.398578376 -0.172416821 0.020641288 0.900545180
4.933333 0.033139948 -0.194180906 -0.122224301 -0.398922205 -0.170613140 0.017890932 0.900795341
5.000000 0.033209156 -0.198630974 -0.122286141 -0.403578103 -0.169736907 0.014299044 0.898949206
5.066667 0.033848021 -0.204533234 -0.123695567 -0.408691615 -0.169957697 0.008229155 0.896670461
5.133333 0.034200169 -0.209250793 -0.123490661 -0.415012628 -0.169381708 0.008527081 0.893868923
5.200000 0.035226792 -0.213799730 -0.123819448 -0.422251999 -0.169519305 0.009370221 0.890437365
5.266667 0.035738751 -0.218199655 -0.123061031 -0.431126416 -0.167846367 0.011216034 0.886471570
5.333333 0.035342723 -0.222597912 -0.121774457 -0.442094445 -0.164730862 0.009248821 0.881663620
5.400000 0.035128746 -0.230081782 -0.120786071 -0.460139692 -0.158566535 0.005842526 0.873552561
5.466667 0.034551740 -0.235553890 -0.120678842 -0.472116411 -0.151827976 0.003419791 0.868356347
5.533333 0.032570578 -0.239859313 -0.122823685 -0.476851135 -0.144229323 -0.005932127 0.867049992
5.600000 0.033092070 -0.240470648 -0.125851497 -0.465177268 -0.145389840 -0.006720760 0.873170495
5.666667 0.034197167 -0.240878478 -0.126208380 -0.457490474 -0.147342980 -0.000359446 0.876922131
5.733333 0.035257395 -0.239508271 -0.127582550 -0.438457847 -0.148422942 0.006989317 0.886384010
5.800000 0.035511136 -0.240642831 -0.129583478 -0.424608350 -0.150152192 0.006346064 0.892816782
5.866667 0.035124768 -0.242902562 -0.133829296 -0.415974498 -0.149585888 0.001719284 0.896987379
5.933333 0.035800759 -0.245524570 -0.134958535 -0.417796463 -0.152045175 0.003749372 0.895720005
6.000000 0.036948331 -0.249322280 -0.138641506 -0.419329107 -0.153949067 0.004585020 0.894674122
6.066667 0.037769616 -0.253056049 -0.138255209 -0.430522233 -0.154736921 0.008401017 0.889177442
6.133333 0.038844649 -0.255135179 -0.137119770 -0.438927442 -0.155881599 0.012928884 0.884803057
6.200000 0.040612355 -0.256387770 -0.138369605 -0.439675659 -0.154760048 0.017305017 0.884553671
6.266667 0.040265817 -0.258860976 -0.139850721 -0.443105817 -0.149029315 0.012080452 0.883912623
6.333333 0.040430538 -0.259481370 -0.141477525 -0.436372191 -0.146948561 0.011248779 0.887614191
6.400000 0.039972503 -0.261708409 -0.143910363 -0.431988716 -0.142517686 0.008102494 0.890510440
6.466667 0.041367777 -0.262271911 -0.145487398 -0.427054584 -0.145374179 0.011271990 0.892392099
6.533333 0.042753682 -0.264706135 -0.146775812 -0.425315112 -0.147424594 0.013986272 0.892847955
6.600000 0.040157933 -0.266507417 -0.149121076 -0.412969917 -0.143881336 0.008735877 0.899265110
6.666667 0.039696567 -0.268575728 -0.153893143 -0.398789167 -0.141093329 0.006395919 0.906100988
6.733333 0.038345754 -0.271307170 -0.154434323 -0.389761925 -0.138753206 0.003227678 0.910397112
6.800000 0.036439143 -0.274566710 -0.160639912 -0.381822109 -0.130790785 0.001771796 0.914933085
6.866667 0.036725622 -0.278776377 -0.165085241 -0.382109433 -0.130334318 0.003125208 0.914874673
6.933333 0.038206376 -0.282465607 -0.169504881 -0.381478339 -0.131313518 0.006055071 0.914983273
7.000000 0.039559726 -0.284984678 -0.172399074 -0.379996091 -0.131997555 0.011085485 0.915454388
7.066667 0.041725092 -0.288599253 -0.176759928 -0.380146295 -0.132853940 0.012109971 0.915255129
7.133333 0.043363117 -0.290039331 -0.183079064 -0.372219086 -0.130638897 0.008234264 0.918868124
7.200000 0.044624016 -0.292890400 -0.185521230 -0.379238844 -0.129717350 0.007295405 0.916132152
7.266667 0.043720845 -0.294054002 -0.183892459 -0.392062277 -0.122700281 0.004240302 0.911709309
7.333333 0.042949714 -0.294825971 -0.180564135 -0.403892368 -0.121701337 0.000698495 0.906674802
7.400000 0.043471321 -0.296199113 -0.180159509 -0.408917904 -0.123664245 0.000499725 0.904153228
7.466667 0.044477303 -0.299246877 -0.179973632 -0.420382679 -0.125387937 -0.001394974 0.898640275
7.533333 0.045635212 -0.301660031 -0.181428477 -0.424602538 -0.127023548 -0.002088328 0.896422505
7.600000 0.047040228 -0.304879725 -0.184237182 -0.425960153 -0.125178948 -0.003631247 0.896032929
7.666667 0.048924938 -0.308285028 -0.184856147 -0.434202433 -0.127158433 -0.006794426 0.891769469
7.733333 0.048432127 -0.312713951 -0.184861690 -0.448316365 -0.125187784 -0.010765537 0.884999752
7.800000 0.046464201 -0.317511588 -0.185996309 -0.461129308 -0.119024999 -0.015713742 0.879173398
7.866667 0.047649637 -0.321102858 -0.187241927 -0.467932194 -0.120728642 -0.016722886 0.875319600
7.933333 0.047536988 -0.325879633 -0.190695971 -0.474878162 -0.117580935 -0.015209076 0.872028768
8.000000 0.050189029 -0.329060048 -0.197005257 -0.470135748 -0.122097641 -0.011312319 0.874034643
8.066667 0.053784728 -0.332945764 -0.196806863 -0.475471705 -0.130282730 -0.006834408 0.870003641
8.133333 0.055336758 -0.334105283 -0.197240025 -0.474857211 -0.134497687 -0.004371312 0.869713664
8.200000 0.056501806 -0.334963977 -0.200385392 -0.467933655 -0.136946544 -0.000302311 0.873088539
8.266667 0.057576485 -0.337323546 -0.201840773 -0.470817715 -0.138575554 0.003325655 0.871272862
8.333333 0.058548391 -0.341504186 -0.203014508 -0.478947520 -0.142074317 0.004843787 0.866256714
8.400000 0.059710581 -0.346416593 -0.205300942 -0.486966670 -0.145669192 0.010937619 0.861118078
8.466667 0.060324453 -0.347339660 -0.204309314 -0.493869454 -0.151181906 0.013194599 0.856190920
8.533333 0.062220525 -0.349985510 -0.205785707 -0.495958120 -0.157766104 0.015583067 0.853752077
8.600000 0.066212274 -0.354532659 -0.208886400 -0.494769663 -0.164544404 0.023058591 0.852992654
8.666667 0.070259377 -0.357879847 -0.210409492 -0.496635616 -0.173456386 0.030729970 0.849895060
8.733333 0.075222269 -0.359162599 -0.211332962 -0.495302945 -0.186945036 0.036829505 0.847567201
8.800000 0.075608201 -0.358790785 -0.211971328 -0.492093086 -0.188225910 0.033464536 0.849291205
8.866667 0.076057509 -0.358629405 -0.212575242 -0.489777088 -0.189208880 0.032713529 0.850440025
8.933333 0.076788060 -0.360088378 -0.214780584 -0.487311035 -0.189691290 0.031067953 0.851809800
9.000000 0.076951638 -0.363935083 -0.215417981 -0.494433314 -0.189412668 0.028217781 0.847857475
9.066667 0.078429565 -0.369171709 -0.217951968 -0.499101460 -0.189708829 0.028572774 0.845039606
9.133333 0.081330411 -0.371034950 -0.218136996 -0.500267029 -0.197010651 0.031198259 0.842583179
9.200000 0.084692247 -0.377211809 -0.218392074 -0.506803632 -0.197256714 0.029328356 0.838677347
9.266667 0.085943714 -0.382282019 -0.223829806 -0.501980186 -0.189392790 0.025769824 0.843493998
9.333333 0.087158397 -0.388377607 -0.226112157 -0.508960426 -0.183221892 0.026101179 0.840659201
9.400000 0.089816727 -0.395831883 -0.228732586 -0.515374422 -0.178846002 0.025049068 0.837720633
9.466667 0.090993688 -0.400624901 -0.231877804 -0.516056895 -0.175590366 0.023785962 0.838025987
9.533333 0.095475167 -0.403791457 -0.235105991 -0.511636198 -0.178554729 0.032284338 0.839824021
9.600000 0.095524006 -0.405774683 -0.233535022 -0.518005073 -0.172617719 0.027694656 0.837321222
9.666667 0.093622968 -0.406028360 -0.236911446 -0.510639608 -0.162816584 0.020989235 0.843977213
9.733333 0.093541257 -0.408389956 -0.234346181 -0.522118926 -0.158644885 0.021356473 0.837715745
9.800000 0.093491495 -0.409517735 -0.232554793 -0.530135393 -0.154780939 0.018848466 0.833453178
9.866667 0.088179864 -0.408065826 -0.231867582 -0.531793714 -0.138586491 0.004731007 0.835444152
9.933333 0.086919427 -0.405696303 -0.232519209 -0.527798116 -0.136488497 -0.003163096 0.838325739
10.000000 0.086168930 -0.409262657 -0.233976632 -0.532223046 -0.129424006 -0.007355669 0.836620569
10.066667 0.085689299 -0.412455916 -0.237438768 -0.529093206 -0.123490505 -0.008723956 0.839484572
10.133333 0.085952803 -0.418624252 -0.239478886 -0.533697307 -0.118697077 -0.015066157 0.837168634
10.200000 0.083739221 -0.426318854 -0.239460796 -0.544422030 -0.104344033 -0.026346684 0.831879079
10.266667 0.080626309 -0.430651188 -0.242395520 -0.545472324 -0.091863722 -0.038560808 0.832186401
10.333333 0.078640938 -0.433481336 -0.243152678 -0.549299955 -0.082094297 -0.041103017 0.830566466
10.400000 0.074743710 -0.435084611 -0.246680766 -0.544034421 -0.069190264 -0.047114205 0.834877014
10.466667 0.075080931 -0.436853886 -0.246031970 -0.548762858 -0.070767611 -0.046513416 0.831677675
10.533333 0.076279908 -0.438179404 -0.249174803 -0.540529013 -0.073584020 -0.042117026 0.837042451
10.600000 0.078234091 -0.442220628 -0.250060081 -0.543192089 -0.078992523 -0.038394321 0.835002065
10.666667 0.079820491 -0.445665240 -0.252780825 -0.538448334 -0.081683911 -0.037491057 0.837851822
10.733333 0.078736842 -0.448949724 -0.256978333 -0.528171241 -0.076137677 -0.043124199 0.844617426
10.800000 0.076851830 -0.454305768 -0.258721322 -0.525997519 -0.068470962 -0.046530724 0.846447408
10.866667 0.075274989 -0.455502033 -0.264204472 -0.505774200 -0.064525254 -0.053432852 0.858588278
10.933333 0.073472157 -0.457441688 -0.268313408 -0.488337100 -0.066492274 -0.060072344 0.868042052
11.000000 0.069314100 -0.461507171 -0.269935101 -0.483813703 -0.059082478 -0.070940651 0.870287895
11.066667 0.069767766 -0.463208199 -0.272148103 -0.479007244 -0.059123047 -0.070917651 0.872941792
11.133333 0.073583141 -0.464054197 -0.270689607 -0.482933909 -0.067146033 -0.064049631 0.870726109
11.200000 0.073899083 -0.463455260 -0.268698484 -0.487624198 -0.065247841 -0.067726426 0.867973864
11.266667 0.075277030 -0.463080972 -0.269374847 -0.485907346 -0.063400492 -0.069944061 0.868897140
11.333333 0.072979756 -0.464437515 -0.271808088 -0.483578622 -0.050175171 -0.072156392 0.870877504
11.400000 0.073860511 -0.465120226 -0.272945881 -0.483498305 -0.044183023 -0.077414393 0.870795250
11.466667 0.073610194 -0.465256572 -0.272791564 -0.485368311 -0.039743870 -0.082080476 0.869540572
11.533333 0.073517323 -0.467896849 -0.273239493 -0.489224732 -0.035798717 -0.082973927 0.867463529
11.600000 0.077117391 -0.472307354 -0.273438424 -0.493493646 -0.039734308 -0.077864915 0.865345180
11.666667 0.081067950 -0.474766016 -0.280551910 -0.471886843 -0.045963421 -0.071858771 0.877522945
11.733333 0.081403561 -0.475813538 -0.289506793 -0.446194232 -0.046432253 -0.072829604 0.890758455
11.800000 0.080285132 -0.476467937 -0.299593389 -0.416639537 -0.048939697 -0.068661012 0.905153096
11.866667 0.082940981 -0.477906913 -0.305179298 -0.405106753 -0.060614500 -0.059017926 0.910346866
11.933333 0.084752709 -0.478922635 -0.308011353 -0.400132000 -0.067026295 -0.051896915 0.912528634
12.000000 0.089218996 -0.481527448 -0.311685443 -0.396973073 -0.079952180 -0.045237392 0.913221538
12.066667 0.093110323 -0.484608978 -0.315785050 -0.393489778 -0.090320334 -0.037868436 0.914097369
12.133333 0.096313581 -0.488603711 -0.314865470 -0.407189339 -0.103194050 -0.034634702 0.906834185
12.200000 0.100079760 -0.490441233 -0.319684088 -0.397193521 -0.115078062 -0.030245498 0.909988821
12.266667 0.102039337 -0.494054645 -0.320281118 -0.405644774 -0.119775981 -0.027708070 0.905725300
12.333333 0.104021393 -0.495726019 -0.323082983 -0.401742518 -0.125400513 -0.022968775 0.906835198
12.400000 0.107176237 -0.496818185 -0.328539133 -0.387763560 -0.132480443 -0.018098701 0.912009180
12.466667 0.111531317 -0.497540921 -0.336410969 -0.364789963 -0.140974745 -0.014034635 0.920248628
12.533333 0.116211489 -0.501937985 -0.342354387 -0.357802689 -0.148992985 -0.005893059 0.921815395
12.600000 0.120197892 -0.507836461 -0.345908463 -0.362874478 -0.155391619 0.002076193 0.918787897
12.666667 0.122450441 -0.511812627 -0.349187374 -0.364514798 -0.161885306 0.009481290 0.916969061
12.733333 0.124915630 -0.517005146 -0.351204634 -0.371324956 -0.168328181 0.016343653 0.912971139
12.800000 0.128136396 -0.522768378 -0.353483677 -0.378478616 -0.175794393 0.022271764 0.908490062
12.866667 0.131566897 -0.519123197 -0.357468486 -0.356547207 -0.183182567 0.026949063 0.915746748
12.933333 0.127996475 -0.516945839 -0.357788891 -0.351028174 -0.170601591 0.021287154 0.920446217
13.000000 0.126491547 -0.515120149 -0.359962255 -0.341064006 -0.161656037 0.021012355 0.925797641
13.066667 0.126263410 -0.515561998 -0.363558948 -0.332905620 -0.153995186 0.016520379 0.930154026
13.133333 0.128169626 -0.518179715 -0.367798090 -0.329506189 -0.149516538 0.021836063 0.931983709
13.200000 0.127620235 -0.522549272 -0.373313308 -0.328425258 -0.135370255 0.022268873 0.934513748
13.266667 0.126474559 -0.527093112 -0.378860116 -0.326626152 -0.123159230 0.026732277 0.936713755
13.333333 0.125956610 -0.527275920 -0.385776877 -0.307040244 -0.114469558 0.032351408 0.944233239
13.400000 0.124612115 -0.529953539 -0.391577482 -0.297003895 -0.102173544 0.031411044 0.948874354
13.466667 0.119697303 -0.537452996 -0.396009684 -0.304204881 -0.082000315 0.024649775 0.948750615
13.533333 0.116092972 -0.547222555 -0.398050487 -0.327044487 -0.071075253 0.010717466 0.942271411
13.600000 0.111883923 -0.554764748 -0.394008577 -0.355840534 -0.065972298 -0.008372478 0.932177603
13.666667 0.120006621 -0.548616707 -0.400801718 -0.319108456 -0.099670820 -0.011521482 0.942392111
13.733333 0.123547912 -0.549563169 -0.404553801 -0.308974832 -0.111062169 -0.004803645 0.944551110
13.800000 0.126011938 -0.550402284 -0.408313364 -0.301171780 -0.112218730 -0.002028270 0.946941614
13.866667 0.122863121 -0.548966289 -0.411940992 -0.288177758 -0.097742036 -0.005533114 0.952559471
13.933333 0.122747079 -0.550496459 -0.413829178 -0.287222803 -0.094853282 -0.005942476 0.953137279
14.000000 0.120965712 -0.552655935 -0.417853057 -0.282729238 -0.090176545 -0.010430615 0.954894602
14.066667 0.120219685 -0.552609444 -0.420613170 -0.276001513 -0.091353849 -0.009501110 0.956758797
14.133333 0.120300166 -0.553031325 -0.421038270 -0.276549727 -0.090342827 -0.008386278 0.956706941
14.200000 0.118194483 -0.555384219 -0.424085259 -0.276673317 -0.077954523 -0.014581513 0.957686007
14.266667 0.118078679 -0.557539284 -0.425960332 -0.275674760 -0.073403120 -0.017809911 0.958278775
14.333333 0.117678896 -0.559988141 -0.431380451 -0.268585175 -0.064432263 -0.017169891 0.960945189
14.400000 0.115279615 -0.564537406 -0.436632782 -0.268770307 -0.049285442 -0.021025913 0.961712778
14.466667 0.112825967 -0.563428819 -0.441038013 -0.253582597 -0.039081987 -0.023326544 0.966242373
14.533333 0.112144522 -0.563975394 -0.444841504 -0.246684641 -0.034648079 -0.026320718 0.968118548
14.600000 0.111016467 -0.569617867 -0.447757602 -0.261312872 -0.020779807 -0.025593262 0.964691043
14.666667 0.114056766 -0.572032809 -0.454157501 -0.257851452 -0.026642073 -0.026526025 0.965452850
14.733333 0.116294242 -0.574407816 -0.459441483 -0.255925357 -0.031856619 -0.024765950 0.965854049
14.800000 0.118784100 -0.582234800 -0.461740613 -0.280292720 -0.032906763 -0.018506220 0.959171891
14.866667 0.122207992 -0.586176097 -0.463970155 -0.292602539 -0.041803196 -0.016807152 0.955172181
14.933333 0.122012533 -0.586490333 -0.465147078 -0.293791145 -0.039596185 -0.016156869 0.954912543
15.000000 0.113503501 -0.582830012 -0.473537624 -0.274517506 -0.002455894 -0.022149576 0.961323857
15.066667 0.108431287 -0.584662318 -0.475282669 -0.278562278 0.014489774 -0.030376285 0.959828377
15.133333 0.109613694 -0.582599163 -0.478862315 -0.262191057 0.008572031 -0.025760273 0.964634001
15.200000 0.110124975 -0.582863033 -0.480089962 -0.261294723 0.004763144 -0.024108939 0.964946270
15.266667 0.108496465 -0.583467662 -0.482621759 -0.259911299 0.011214943 -0.024767254 0.965249717
15.333333 0.106488965 -0.587630033 -0.484055698 -0.273021281 0.018720139 -0.025594141 0.961485267
15.400000 0.105284721 -0.588851511 -0.489650100 -0.264235049 0.025106899 -0.019387007 0.963936508
15.466667 0.105170161 -0.590120971 -0.491504878 -0.265247136 0.023817960 -0.019598747 0.963686943
15.533333 0.105877623 -0.590864658 -0.491481543 -0.267988533 0.020680135 -0.016701294 0.963055372
15.600000 0.104958601 -0.590216756 -0.493416220 -0.263074845 0.024393639 -0.018497385 0.964289606
15.666667 0.105313733 -0.590681434 -0.494462848 -0.264798760 0.023150653 -0.018531511 0.963847637
15.733333 0.106081069 -0.591919124 -0.495187521 -0.268503040 0.018607641 -0.016683817 0.962954640
15.800000 0.105681755 -0.589795351 -0.498239130 -0.255575240 0.019987831 -0.013532610 0.966487825
15.866667 0.103830867 -0.587305009 -0.501939833 -0.242376775 0.035555437 -0.014247276 0.969425797
15.933333 0.103147231 -0.588926852 -0.502304614 -0.249082223 0.037965734 -0.014157768 0.967634380
16.000000 0.103910558 -0.587391376 -0.506026864 -0.239621282 0.036587082 -0.012256855 0.970099390
16.066667 0.104191929 -0.588661015 -0.506245613 -0.244875818 0.035392907 -0.012016657 0.968833745
16.133333 0.103959002 -0.587933838 -0.505836010 -0.240260482 0.036303211 -0.011371495 0.969962716
16.200000 0.103592537 -0.588116288 -0.505544305 -0.240874469 0.038022019 -0.011904025 0.969738245
16.266667 0.103263162 -0.586640537 -0.505032241 -0.233909592 0.040635694 -0.010613575 0.971350849
16.333333 0.102673464 -0.585562050 -0.504414976 -0.228269368 0.043592345 -0.011110816 0.972558200
16.400000 0.101721376 -0.587542772 -0.503583491 -0.235227272 0.038578242 -0.013458254 0.971081197
16.466667 0.101118952 -0.588961065 -0.502106726 -0.239473969 0.032787841 -0.014279466 0.970243931
16.533333 0.101789802 -0.587738514 -0.502171457 -0.233889803 0.029589955 -0.013192187 0.971723199
16.600000 0.101902559 -0.588465095 -0.500487924 -0.239275306 0.027302790 -0.016357053 0.970430017
16.666667 0.101844609 -0.588596225 -0.500687420 -0.239200681 0.027397072 -0.015920399 0.970452964
16.733333 0.101860993 -0.588367283 -0.500022054 -0.238631293 0.029117534 -0.014644045 0.970563173
16.800000 0.102497920 -0.589349031 -0.500085592 -0.241911441 0.027355820 -0.014040677 0.969811022
16.866667 0.103003815 -0.589140058 -0.500879109 -0.239057973 0.026110312 -0.013344422 0.970562518
16.933333 0.104143731 -0.591229200 -0.501624703 -0.246822760 0.022704953 -0.011778649 0.968723059
17.000000 0.104446381 -0.588848054 -0.505516768 -0.233574927 0.023700194 -0.009909637 0.971999407
17.066667 0.104452752 -0.588698089 -0.509747684 -0.230281904 0.025327120 -0.007417053 0.972766042
17.133333 0.104235873 -0.577655256 -0.520196199 -0.182446852 0.029619487 -0.002728563 0.982765675
