0.000000 0.000000000 0.000000000 0.000000000 -0.000000000 -0.000000000 -0.000000000 1.000000000
0.066667 -0.017634058 0.016400432 0.034525931 0.003340861 -0.000960927 0.005446258 0.999979138
0.133333 0.207507282 0.023481382 -0.035043854 -0.003758700 -0.036220316 0.014475590 0.999231935
0.200000 0.481176823 -0.149925500 0.136344910 -0.022825638 -0.064520538 0.032062948 0.997139931
0.266667 0.506820679 -0.285117269 0.378572822 -0.027225750 -0.066433571 0.044165552 0.996441066
0.333333 0.545748591 -0.267621070 0.730490327 -0.028156988 -0.073136225 0.044878807 0.995913744
0.400000 0.508364320 -0.224942729 0.963171005 -0.022938898 -0.075916022 0.045142446 0.995827675
0.466667 0.439969569 -0.262333483 1.085333586 -0.026181424 -0.075543374 0.044787273 0.995792091
0.533333 0.418322891 -0.291025549 1.186442018 -0.030148944 -0.073296785 0.036727756 0.996177554
0.600000 0.442282617 -0.265943825 1.235037208 -0.019715915 -0.083178617 0.045637552 0.995293856
0.666667 0.450038522 -0.261647820 1.226114750 -0.012027027 -0.085810184 0.050826143 0.994941592
0.733333 0.451154649 -0.262849391 1.192543149 -0.003972113 -0.083507538 0.054753020 0.994993925
0.800000 0.462526560 -0.267088413 1.130874395 0.001327026 -0.078923941 0.057692759 0.995208919
0.866667 0.461760998 -0.273485303 1.112656355 0.004011278 -0.080044165 0.063034333 0.994788170
0.933333 0.454391122 -0.281983644 1.118379116 0.004186065 -0.076194808 0.064358175 0.995004952
1.000000 0.443286002 -0.279921263 1.142728329 0.002518839 -0.070715532 0.065782279 0.995321870
1.066667 0.443232656 -0.292065650 1.185719132 0.000352310 -0.069023907 0.065716803 0.995448053
1.133333 0.446633428 -0.299406916 1.211791277 0.000762647 -0.070001759 0.069569975 0.995117724
1.200000 0.451501101 -0.312676460 1.225047350 -0.002757948 -0.072167024 0.074674368 0.994589388
1.266667 0.453424633 -0.314193964 1.239749789 -0.003140831 -0.074851759 0.076642789 0.994240046
1.333333 0.464091063 -0.312027663 1.242481828 -0.000613663 -0.082177572 0.086933970 0.992818713
1.400000 0.464117378 -0.312383890 1.250102520 -0.000432751 -0.083740115 0.088819765 0.992521286
1.466667 0.464247078 -0.320072711 1.240840793 -0.004281937 -0.081306502 0.079305045 0.993519843
1.533333 0.463004053 -0.320744187 1.251312613 -0.006168925 -0.079075113 0.075119540 0.994015157
1.600000 0.464101046 -0.312596947 1.271233439 -0.009889206 -0.078923486 0.073372841 0.994127631
1.666667 0.462804168 -0.305358529 1.273097038 -0.014259832 -0.078783907 0.072294563 0.994164586
1.733333 0.448298097 -0.327155232 1.295559883 -0.023893014 -0.077101722 0.054006506 0.995272696
1.800000 0.452376127 -0.317658722 1.302373290 -0.032719340 -0.081800096 0.047005616 0.995001853
1.866667 0.452733636 -0.301514894 1.290988922 -0.038534705 -0.081361033 0.059753302 0.994145393
1.933333 0.460859120 -0.294648916 1.297777414 -0.037119586 -0.085563749 0.064275444 0.993564129
10.000000 0.435617834 -0.298122853 1.360147238 -0.028828539 -0.106361449 0.065371208 0.991757452
10.000000 0.435617834 -0.298122853 1.360147238 -0.028828539 -0.106361449 0.065371208 0.991757452
10.000000 0.435617834 -0.298122853 1.360147238 -0.028828539 -0.106361449 0.065371208 0.991757452
10.000000 0.435617834 -0.298122853 1.360147238 -0.028828539 -0.106361449 0.065371208 0.991757452
10.000000 0.435617834 -0.298122853 1.360147238 -0.028828539 -0.106361449 0.065371208 0.991757452
10.000000 0.435617834 -0.298122853 1.360147238 -0.028828539 -0.106361449 0.065371208 0.991757452
10.000000 0.435617834 -0.298122853 1.360147238 -0.028828539 -0.106361449 0.065371208 0.991757452
10.000000 0.435617834 -0.298122853 1.360147238 -0.028828539 -0.106361449 0.065371208 0.991757452
10.000000 0.435617834 -0.298122853 1.360147238 -0.028828539 -0.106361449 0.065371208 0.991757452
10.000000 0.435617834 -0.298122853 1.360147238 -0.028828539 -0.106361449 0.065371208 0.991757452
10.000000 0.435617834 -0.298122853 1.360147238 -0.028828539 -0.106361449 0.065371208 0.991757452
10.000000 0.435617834 -0.298122853 1.360147238 -0.028828539 -0.106361449 0.065371208 0.991757452
10.000000 0.435617834 -0.298122853 1.360147238 -0.028828539 -0.106361449 0.065371208 0.991757452
10.000000 0.435617834 -0.298122853 1.360147238 -0.028828539 -0.106361449 0.065371208 0.991757452
10.000000 0.435617834 -0.298122853 1.360147238 -0.028828539 -0.106361449 0.065371208 0.991757452
10.000000 0.435617834 -0.298122853 1.360147238 -0.028828539 -0.106361449 0.065371208 0.991757452
10.000000 0.435617834 -0.298122853 1.360147238 -0.028828539 -0.106361449 0.065371208 0.991757452
10.000000 0.435617834 -0.298122853 1.360147238 -0.028828539 -0.106361449 0.065371208 0.991757452
10.000000 0.435617834 -0.298122853 1.360147238 -0.028828539 -0.106361449 0.065371208 0.991757452
10.000000 0.435617834 -0.298122853 1.360147238 -0.028828539 -0.106361449 0.065371208 0.991757452
10.000000 0.435617834 -0.298122853 1.360147238 -0.028828539 -0.106361449 0.065371208 0.991757452
10.000000 0.435617834 -0.298122853 1.360147238 -0.028828539 -0.106361449 0.065371208 0.991757452
10.000000 0.435617834 -0.298122853 1.360147238 -0.028828539 -0.106361449 0.065371208 0.991757452
10.000000 0.435617834 -0.298122853 1.360147238 -0.028828539 -0.106361449 0.065371208 0.991757452
10.000000 0.435617834 -0.298122853 1.360147238 -0.028828539 -0.106361449 0.065371208 0.991757452
10.000000 0.435617834 -0.298122853 1.360147238 -0.028828539 -0.106361449 0.065371208 0.991757452
10.000000 0.435617834 -0.298122853 1.360147238 -0.028828539 -0.106361449 0.065371208 0.991757452
10.000000 0.435617834 -0.298122853 1.360147238 -0.028828539 -0.106361449 0.065371208 0.991757452
10.000000 0.435617834 -0.298122853 1.360147238 -0.028828539 -0.106361449 0.065371208 0.991757452
10.000000 0.435617834 -0.298122853 1.360147238 -0.028828539 -0.106361449 0.065371208 0.991757452
10.000000 0.435617834 -0.298122853 1.360147238 -0.028828539 -0.106361449 0.065371208 0.991757452
10.000000 0.435617834 -0.298122853 1.360147238 -0.028828539 -0.106361449 0.065371208 0.991757452
10.000000 0.435617834 -0.298122853 1.360147238 -0.028828539 -0.106361449 0.065371208 0.991757452
10.000000 0.435617834 -0.298122853 1.360147238 -0.028828539 -0.106361449 0.065371208 0.991757452
10.000000 0.435617834 -0.298122853 1.360147238 -0.028828539 -0.106361449 0.065371208 0.991757452
10.000000 0.435617834 -0.298122853 1.360147238 -0.028828539 -0.106361449 0.065371208 0.991757452
10.000000 0.435617834 -0.298122853 1.360147238 -0.028828539 -0.106361449 0.065371208 0.991757452
10.000000 0.435617834 -0.298122853 1.360147238 -0.028828539 -0.106361449 0.065371208 0.991757452
10.000000 0.435617834 -0.298122853 1.360147238 -0.028828539 -0.106361449 0.065371208 0.991757452
10.000000 0.435617834 -0.298122853 1.360147238 -0.028828539 -0.106361449 0.065371208 0.991757452
10.000000 0.435617834 -0.298122853 1.360147238 -0.028828539 -0.106361449 0.065371208 0.991757452
10.000000 0.435617834 -0.298122853 1.360147238 -0.028828539 -0.106361449 0.065371208 0.991757452
2.066667 0.000000000 0.000000000 0.000000000 -0.000000000 -0.000000000 -0.000000000 1.000000000
2.133333 -0.001860478 0.005657656 0.000301586 -0.000295831 -0.000545054 -0.001432113 0.999998808
2.200000 -0.016468855 0.022648960 0.056101080 -0.002179167 0.000081970 -0.000879176 0.999997258
2.266667 -0.040483419 0.024410507 0.167635366 -0.004721450 0.004472596 0.000078068 0.999978840
2.333333 -0.030486336 0.028321588 0.252684891 -0.007247249 0.002478262 0.001718549 0.999969184
2.400000 -0.020036353 0.031794928 0.328130066 -0.016174810 -0.002359462 0.002459261 0.999863386
2.466667 0.005933552 0.030927779 0.348043650 -0.021671796 -0.008572803 0.000736319 0.999728143
2.533333 -0.003437003 0.028092505 0.393181235 -0.023056790 -0.007914378 0.002641284 0.999699354
2.600000 -0.005997567 0.032882757 0.412664980 -0.025676535 -0.003639201 0.008096824 0.999630928
2.666667 -0.006573692 0.034993555 0.418309629 -0.029823588 -0.002860739 0.009095442 0.999509752
2.733333 -0.005163756 0.037828755 0.425103933 -0.030267429 -0.004099285 0.010018328 0.999483228
2.800000 -0.009836407 0.036257602 0.429156244 -0.033692542 -0.004092345 0.008998024 0.999383390
2.866667 -0.010924986 0.039422333 0.435213238 -0.036858976 -0.005885828 0.008122986 0.999270141
2.933333 -0.011344646 0.045880318 0.447569162 -0.039276876 -0.009469756 0.007039290 0.999158680
3.000000 -0.007084785 0.048405226 0.459476560 -0.044321697 -0.015586604 0.013049253 0.998810470
3.066667 -0.012170294 0.052188557 0.473767698 -0.048687626 -0.016819257 0.010523938 0.998616993
3.133333 -0.012392227 0.054385491 0.477389872 -0.052475836 -0.017956015 0.009652229 0.998414099
3.200000 -0.010440052 0.061442841 0.479569048 -0.051789217 -0.019088835 0.014951212 0.998363674
3.266667 -0.012939868 0.049769428 0.482777506 -0.058388855 -0.018957458 0.019651214 0.997920454
3.333333 -0.009873148 0.042000875 0.484473437 -0.061301880 -0.020862050 0.020632051 0.997687936
3.400000 -0.005850787 0.046374969 0.493693650 -0.056721948 -0.023901835 0.045376290 0.997071862
3.466667 -0.010302886 0.044051364 0.498337269 -0.058274578 -0.024482176 0.052923635 0.996596098
3.533333 -0.010409817 0.064924762 0.515607476 -0.046893600 -0.030898975 0.065304376 0.996283889
3.600000 -0.007323157 0.065593779 0.519677401 -0.045794036 -0.035846740 0.071634419 0.995734155
3.666667 -0.011076406 0.060050454 0.519514561 -0.045784511 -0.034457084 0.081439078 0.995029747
3.733333 -0.023254156 0.051231522 0.515341341 -0.047082838 -0.027407791 0.080637723 0.995253563
3.800000 -0.023679510 0.045805197 0.516844213 -0.050298259 -0.026745657 0.078944802 0.995249987
3.866667 -0.018723750 0.047089040 0.522336364 -0.049235396 -0.028445680 0.084088370 0.994834602
3.933333 -0.019369941 0.052951694 0.521297991 -0.050648764 -0.027751593 0.083971523 0.994793117
4.000000 -0.016902553 0.049126592 0.522200942 -0.049699862 -0.028212050 0.082584679 0.994944155
4.066667 -0.024464250 0.032504428 0.526706696 -0.048464637 -0.027522493 0.072910875 0.995779991
4.133333 -0.027666215 0.030253826 0.526386261 -0.046575688 -0.032570884 0.072460949 0.995750606
4.200000 -0.028241448 0.036745608 0.520779252 -0.047563225 -0.039226767 0.079071127 0.994960666
4.266667 -0.031749010 0.029419713 0.525199115 -0.052582759 -0.042972881 0.085409887 0.994028986
4.333333 -0.037897032 0.031449571 0.517977417 -0.053163487 -0.042777482 0.091392480 0.993474305
4.400000 -0.034691911 0.025278382 0.508689165 -0.059849851 -0.044612158 0.087052017 0.993403077
4.466667 -0.035167612 0.026313268 0.507860065 -0.060379900 -0.044610985 0.089436546 0.993159235
4.533333 -0.034106851 0.026381532 0.505374372 -0.059034307 -0.044481501 0.093457818 0.992875636
4.600000 -0.048163176 0.013390274 0.507408142 -0.060355220 -0.036924846 0.101752475 0.992290437
4.666667 -0.046851378 0.007688854 0.500628471 -0.060525622 -0.037733003 0.100203417 0.992407262
4.733333 -0.047086209 0.001764176 0.499097258 -0.061679207 -0.038909469 0.096974298 0.992611587
4.800000 -0.069670044 0.007693154 0.515093505 -0.056203615 -0.039628275 0.108668312 0.991696537
4.866667 -0.070432991 -0.014027802 0.455050856 -0.052816298 -0.038449030 0.145133436 0.987253010
4.933333 -0.074340403 0.003533192 0.458856583 -0.037696373 -0.043208964 0.138592780 0.988688052
5.000000 -0.071776718 -0.001498047 0.419909358 -0.028452080 -0.061230768 0.126832977 0.989623547
5.066667 -0.073559247 -0.010211277 0.362633556 -0.023711666 -0.064803250 0.118602246 0.990541220
5.133333 -0.073973946 -0.031118669 0.344245702 -0.019551404 -0.064015217 0.121450722 0.990338087
5.200000 -0.073263757 -0.041422527 0.333995610 -0.022193283 -0.062185060 0.114327237 0.991246581
5.266667 -0.071588390 -0.038167760 0.263306379 -0.003703136 -0.063391611 0.126884401 0.989882946
5.266667 -0.071588390 -0.038167760 0.263306379 -0.003703136 -0.063391611 0.126884401 0.989882946
5.266667 -0.071588390 -0.038167760 0.263306379 -0.003703136 -0.063391611 0.126884401 0.989882946
5.266667 -0.071588390 -0.038167760 0.263306379 -0.003703136 -0.063391611 0.126884401 0.989882946
5.266667 -0.071588390 -0.038167760 0.263306379 -0.003703136 -0.063391611 0.126884401 0.989882946
5.266667 -0.071588390 -0.038167760 0.263306379 -0.003703136 -0.063391611 0.126884401 0.989882946
5.266667 -0.071588390 -0.038167760 0.263306379 -0.003703136 -0.063391611 0.126884401 0.989882946
5.266667 -0.071588390 -0.038167760 0.263306379 -0.003703136 -0.063391611 0.126884401 0.989882946
5.266667 -0.071588390 -0.038167760 0.263306379 -0.003703136 -0.063391611 0.126884401 0.989882946
5.266667 -0.071588390 -0.038167760 0.263306379 -0.003703136 -0.063391611 0.126884401 0.989882946
5.266667 -0.071588390 -0.038167760 0.263306379 -0.003703136 -0.063391611 0.126884401 0.989882946
5.266667 -0.071588390 -0.038167760 0.263306379 -0.003703136 -0.063391611 0.126884401 0.989882946
5.266667 -0.071588390 -0.038167760 0.263306379 -0.003703136 -0.063391611 0.126884401 0.989882946
5.266667 -0.071588390 -0.038167760 0.263306379 -0.003703136 -0.063391611 0.126884401 0.989882946
5.266667 -0.071588390 -0.038167760 0.263306379 -0.003703136 -0.063391611 0.126884401 0.989882946
5.266667 -0.071588390 -0.038167760 0.263306379 -0.003703136 -0.063391611 0.126884401 0.989882946
5.266667 -0.071588390 -0.038167760 0.263306379 -0.003703136 -0.063391611 0.126884401 0.989882946
5.266667 -0.071588390 -0.038167760 0.263306379 -0.003703136 -0.063391611 0.126884401 0.989882946
5.266667 -0.071588390 -0.038167760 0.263306379 -0.003703136 -0.063391611 0.126884401 0.989882946
5.266667 -0.071588390 -0.038167760 0.263306379 -0.003703136 -0.063391611 0.126884401 0.989882946
5.266667 -0.071588390 -0.038167760 0.263306379 -0.003703136 -0.063391611 0.126884401 0.989882946
5.266667 -0.071588390 -0.038167760 0.263306379 -0.003703136 -0.063391611 0.126884401 0.989882946
5.266667 -0.071588390 -0.038167760 0.263306379 -0.003703136 -0.063391611 0.126884401 0.989882946
5.266667 -0.071588390 -0.038167760 0.263306379 -0.003703136 -0.063391611 0.126884401 0.989882946
5.266667 -0.071588390 -0.038167760 0.263306379 -0.003703136 -0.063391611 0.126884401 0.989882946
5.266667 -0.071588390 -0.038167760 0.263306379 -0.003703136 -0.063391611 0.126884401 0.989882946
5.266667 -0.071588390 -0.038167760 0.263306379 -0.003703136 -0.063391611 0.126884401 0.989882946
5.266667 -0.071588390 -0.038167760 0.263306379 -0.003703136 -0.063391611 0.126884401 0.989882946
5.266667 -0.071588390 -0.038167760 0.263306379 -0.003703136 -0.063391611 0.126884401 0.989882946
5.266667 -0.071588390 -0.038167760 0.263306379 -0.003703136 -0.063391611 0.126884401 0.989882946
5.266667 -0.071588390 -0.038167760 0.263306379 -0.003703136 -0.063391611 0.126884401 0.989882946
5.266667 -0.071588390 -0.038167760 0.263306379 -0.003703136 -0.063391611 0.126884401 0.989882946
5.266667 -0.071588390 -0.038167760 0.263306379 -0.003703136 -0.063391611 0.126884401 0.989882946
5.266667 -0.071588390 -0.038167760 0.263306379 -0.003703136 -0.063391611 0.126884401 0.989882946
5.266667 -0.071588390 -0.038167760 0.263306379 -0.003703136 -0.063391611 0.126884401 0.989882946
5.266667 -0.071588390 -0.038167760 0.263306379 -0.003703136 -0.063391611 0.126884401 0.989882946
5.266667 -0.071588390 -0.038167760 0.263306379 -0.003703136 -0.063391611 0.126884401 0.989882946
5.266667 -0.071588390 -0.038167760 0.263306379 -0.003703136 -0.063391611 0.126884401 0.989882946
5.266667 -0.071588390 -0.038167760 0.263306379 -0.003703136 -0.063391611 0.126884401 0.989882946
5.266667 -0.071588390 -0.038167760 0.263306379 -0.003703136 -0.063391611 0.126884401 0.989882946
5.266667 -0.071588390 -0.038167760 0.263306379 -0.003703136 -0.063391611 0.126884401 0.989882946
5.266667 -0.071588390 -0.038167760 0.263306379 -0.003703136 -0.063391611 0.126884401 0.989882946
5.266667 -0.071588390 -0.038167760 0.263306379 -0.003703136 -0.063391611 0.126884401 0.989882946
5.266667 -0.071588390 -0.038167760 0.263306379 -0.003703136 -0.063391611 0.126884401 0.989882946
5.266667 -0.071588390 -0.038167760 0.263306379 -0.003703136 -0.063391611 0.126884401 0.989882946
5.266667 -0.071588390 -0.038167760 0.263306379 -0.003703136 -0.063391611 0.126884401 0.989882946
8.400000 0.000000000 0.000000000 0.000000000 -0.000000000 -0.000000000 -0.000000000 1.000000000
8.466667 0.008561132 0.006076918 -0.005330410 0.001371865 -0.001237806 0.000183372 0.999998271
8.533333 -0.005615269 0.001412089 0.002773830 0.000819574 0.000509891 0.000995632 0.999999046
8.600000 -0.035583999 -0.007685153 0.014599654 -0.002932810 0.004582334 0.002122758 0.999982953
8.666667 -0.039765388 -0.007325165 -0.002187597 -0.012340732 0.002667085 0.007980544 0.999888480
8.733333 -0.014154014 -0.005434232 -0.024944136 -0.019247262 0.000046266 0.010924894 0.999755085
8.800000 -0.015723418 -0.012867718 -0.026480390 -0.030047657 -0.000167289 0.015599551 0.999426723
8.866667 -0.012985375 -0.018007612 -0.041457787 -0.045764040 -0.002447593 0.014891097 0.998838305
8.933333 -0.006072533 -0.018162847 -0.057674929 -0.058297452 -0.004780144 0.019605406 0.998095274
9.000000 -0.007012252 -0.018879868 -0.062892474 -0.071702093 -0.007719860 0.022635585 0.997139335
9.066667 -0.014440260 -0.021255959 -0.065426566 -0.078762606 -0.007867192 0.028946711 0.996442020
9.133333 -0.016844856 -0.026832616 -0.073320106 -0.088185966 -0.008578816 0.027974186 0.995674193
9.200000 -0.016067209 -0.030126089 -0.085158311 -0.099415660 -0.010752228 0.034756564 0.994380653
9.266667 -0.014893774 -0.032293919 -0.095327251 -0.106749579 -0.010784111 0.035384424 0.993597627
9.333333 -0.014411745 -0.033104695 -0.108228914 -0.107981175 -0.009643389 0.032572452 0.993572414
9.400000 -0.015872492 -0.040529143 -0.120175876 -0.112907328 -0.008669405 0.031153243 0.993079185
9.466667 -0.016326021 -0.045263529 -0.140338227 -0.115666576 -0.004184140 0.028121145 0.992881119
9.533333 -0.010643987 -0.049742058 -0.165063649 -0.123969302 -0.004729623 0.026894189 0.991910279
9.600000 -0.008310005 -0.047666956 -0.189156696 -0.133306712 -0.004851839 0.027956512 0.990668595
9.666667 -0.055410340 -0.032571670 -0.174880818 -0.140505224 0.011364467 0.037914030 0.989288509
9.666667 -0.055410340 -0.032571670 -0.174880818 -0.140505224 0.011364467 0.037914030 0.989288509
9.666667 -0.055410340 -0.032571670 -0.174880818 -0.140505224 0.011364467 0.037914030 0.989288509
9.666667 -0.055410340 -0.032571670 -0.174880818 -0.140505224 0.011364467 0.037914030 0.989288509
9.666667 -0.055410340 -0.032571670 -0.174880818 -0.140505224 0.011364467 0.037914030 0.989288509
