0.000000 0.000000000 0.000000000 0.000000000 -0.000000000 -0.000000000 -0.000000000 1.000000000
0.066667 0.099236421 -0.041443255 -0.206285700 0.001464372 -0.011001660 -0.001332784 0.999937534
0.133333 0.123033665 -0.075844437 -0.269475460 0.001552590 -0.012381491 0.002158614 0.999919832
0.200000 0.225918174 -0.142594784 -0.431200653 -0.002551920 -0.022150002 0.000889870 0.999751031
0.266667 0.328643888 -0.216745868 -0.594348490 -0.003823245 -0.031482108 -0.002212881 0.999494612
0.333333 0.430242032 -0.286172658 -0.784063697 -0.004478456 -0.041284159 0.001479051 0.999136329
0.400000 0.399304181 -0.282406330 -0.714332819 0.001881199 -0.043300595 0.006153109 0.999041378
0.466667 0.586989343 -0.383695453 -1.069124818 0.006207305 -0.049390920 0.009720148 0.998712957
0.533333 0.626264036 -0.427565664 -1.193619132 0.011478927 -0.052139163 0.011363656 0.998509228
0.600000 0.624846041 -0.467571080 -1.284283757 0.017056372 -0.052569836 0.005202360 0.998458028
0.666667 0.626703382 -0.503966153 -1.369993210 0.021409826 -0.053366285 0.004719401 0.998334289
0.733333 0.625366688 -0.532991350 -1.455195546 0.020491131 -0.054301102 0.006097429 0.998295724
0.800000 0.620027900 -0.556528807 -1.537649035 0.024241054 -0.054919686 0.006866432 0.998172879
0.866667 0.626590550 -0.567160070 -1.580922365 0.032410271 -0.055654190 0.005325870 0.997909725
0.933333 0.632743597 -0.574437618 -1.612845182 0.040553402 -0.057421841 0.005940893 0.997508347
1.000000 0.629790902 -0.588504314 -1.655536890 0.041584268 -0.058669742 0.008286526 0.997376561
1.066667 0.637834251 -0.598911941 -1.712287068 0.041941896 -0.060216382 0.008513696 0.997267485
1.133333 0.640134215 -0.610506296 -1.752850413 0.043617293 -0.059857935 0.008541500 0.997216940
1.200000 0.647916615 -0.613496065 -1.780015826 0.046791602 -0.061257735 0.010982229 0.996964097
1.266667 0.655209184 -0.609398782 -1.800346255 0.051956285 -0.063624240 0.015207194 0.996504545
1.333333 0.654616356 -0.621900797 -1.820779443 0.053157467 -0.062918626 0.014311892 0.996499240
1.400000 0.645849705 -0.637286484 -1.833332300 0.055752765 -0.059126079 0.008714921 0.996654332
1.466667 0.640844464 -0.644361436 -1.838588595 0.055811107 -0.059285782 0.011157793 0.996617198
1.533333 0.635941505 -0.661275506 -1.850073457 0.056074291 -0.058241889 0.009521944 0.996680975
1.600000 0.639428496 -0.667611718 -1.857880235 0.061742630 -0.059318725 0.006571079 0.996306181
1.666667 0.633202970 -0.669190347 -1.864295483 0.065616891 -0.059611131 0.008149610 0.996029377
1.733333 0.639445841 -0.657872975 -1.875017762 0.068569914 -0.061431725 0.011032400 0.995692015
1.800000 0.637239814 -0.660567760 -1.867736459 0.069221281 -0.062771440 0.003776139 0.995617390
1.866667 0.632472157 -0.660667300 -1.871739507 0.069748059 -0.063185558 -0.002766486 0.995557725
1.933333 0.630117595 -0.661460221 -1.869829297 0.069430374 -0.065771230 -0.005967552 0.995398402
10.000000 0.662140667 -0.633352578 -1.898051262 0.073429145 -0.072966851 0.004279241 0.994618356
10.000000 0.662140667 -0.633352578 -1.898051262 0.073429145 -0.072966851 0.004279241 0.994618356
10.000000 0.662140667 -0.633352578 -1.898051262 0.073429145 -0.072966851 0.004279241 0.994618356
10.000000 0.662140667 -0.633352578 -1.898051262 0.073429145 -0.072966851 0.004279241 0.994618356
10.000000 0.662140667 -0.633352578 -1.898051262 0.073429145 -0.072966851 0.004279241 0.994618356
10.000000 0.662140667 -0.633352578 -1.898051262 0.073429145 -0.072966851 0.004279241 0.994618356
10.000000 0.662140667 -0.633352578 -1.898051262 0.073429145 -0.072966851 0.004279241 0.994618356
10.000000 0.662140667 -0.633352578 -1.898051262 0.073429145 -0.072966851 0.004279241 0.994618356
10.000000 0.662140667 -0.633352578 -1.898051262 0.073429145 -0.072966851 0.004279241 0.994618356
10.000000 0.662140667 -0.633352578 -1.898051262 0.073429145 -0.072966851 0.004279241 0.994618356
10.000000 0.662140667 -0.633352578 -1.898051262 0.073429145 -0.072966851 0.004279241 0.994618356
10.000000 0.662140667 -0.633352578 -1.898051262 0.073429145 -0.072966851 0.004279241 0.994618356
10.000000 0.662140667 -0.633352578 -1.898051262 0.073429145 -0.072966851 0.004279241 0.994618356
10.000000 0.662140667 -0.633352578 -1.898051262 0.073429145 -0.072966851 0.004279241 0.994618356
10.000000 0.662140667 -0.633352578 -1.898051262 0.073429145 -0.072966851 0.004279241 0.994618356
10.000000 0.662140667 -0.633352578 -1.898051262 0.073429145 -0.072966851 0.004279241 0.994618356
10.000000 0.662140667 -0.633352578 -1.898051262 0.073429145 -0.072966851 0.004279241 0.994618356
10.000000 0.662140667 -0.633352578 -1.898051262 0.073429145 -0.072966851 0.004279241 0.994618356
10.000000 0.662140667 -0.633352578 -1.898051262 0.073429145 -0.072966851 0.004279241 0.994618356
10.000000 0.662140667 -0.633352578 -1.898051262 0.073429145 -0.072966851 0.004279241 0.994618356
10.000000 0.662140667 -0.633352578 -1.898051262 0.073429145 -0.072966851 0.004279241 0.994618356
10.000000 0.662140667 -0.633352578 -1.898051262 0.073429145 -0.072966851 0.004279241 0.994618356
10.000000 0.662140667 -0.633352578 -1.898051262 0.073429145 -0.072966851 0.004279241 0.994618356
10.000000 0.662140667 -0.633352578 -1.898051262 0.073429145 -0.072966851 0.004279241 0.994618356
10.000000 0.662140667 -0.633352578 -1.898051262 0.073429145 -0.072966851 0.004279241 0.994618356
10.000000 0.662140667 -0.633352578 -1.898051262 0.073429145 -0.072966851 0.004279241 0.994618356
10.000000 0.662140667 -0.633352578 -1.898051262 0.073429145 -0.072966851 0.004279241 0.994618356
10.000000 0.662140667 -0.633352578 -1.898051262 0.073429145 -0.072966851 0.004279241 0.994618356
10.000000 0.662140667 -0.633352578 -1.898051262 0.073429145 -0.072966851 0.004279241 0.994618356
10.000000 0.662140667 -0.633352578 -1.898051262 0.073429145 -0.072966851 0.004279241 0.994618356
10.000000 0.662140667 -0.633352578 -1.898051262 0.073429145 -0.072966851 0.004279241 0.994618356
10.000000 0.662140667 -0.633352578 -1.898051262 0.073429145 -0.072966851 0.004279241 0.994618356
10.000000 0.662140667 -0.633352578 -1.898051262 0.073429145 -0.072966851 0.004279241 0.994618356
10.000000 0.662140667 -0.633352578 -1.898051262 0.073429145 -0.072966851 0.004279241 0.994618356
10.000000 0.662140667 -0.633352578 -1.898051262 0.073429145 -0.072966851 0.004279241 0.994618356
10.000000 0.662140667 -0.633352578 -1.898051262 0.073429145 -0.072966851 0.004279241 0.994618356
10.000000 0.662140667 -0.633352578 -1.898051262 0.073429145 -0.072966851 0.004279241 0.994618356
10.000000 0.662140667 -0.633352578 -1.898051262 0.073429145 -0.072966851 0.004279241 0.994618356
10.000000 0.662140667 -0.633352578 -1.898051262 0.073429145 -0.072966851 0.004279241 0.994618356
10.000000 0.662140667 -0.633352578 -1.898051262 0.073429145 -0.072966851 0.004279241 0.994618356
10.000000 0.662140667 -0.633352578 -1.898051262 0.073429145 -0.072966851 0.004279241 0.994618356
10.000000 0.662140667 -0.633352578 -1.898051262 0.073429145 -0.072966851 0.004279241 0.994618356
10.000000 0.662140667 -0.633352578 -1.898051262 0.073429145 -0.072966851 0.004279241 0.994618356
10.000000 0.662140667 -0.633352578 -1.898051262 0.073429145 -0.072966851 0.004279241 0.994618356
10.000000 0.662140667 -0.633352578 -1.898051262 0.073429145 -0.072966851 0.004279241 0.994618356
10.000000 0.662140667 -0.633352578 -1.898051262 0.073429145 -0.072966851 0.004279241 0.994618356
13.133333 0.000000000 0.000000000 0.000000000 -0.000000000 -0.000000000 -0.000000000 1.000000000
13.200000 0.015342393 -0.022594495 -0.260960996 0.000274922 -0.000746999 0.003980367 0.999991775
13.266667 0.052323900 -0.006822217 -0.512372732 0.003163934 -0.005717819 0.008807072 0.999939859
13.333333 0.033414297 -0.019452455 -0.717854083 0.003690383 -0.005416943 0.007355980 0.999951482
13.400000 0.062145457 -0.074192636 -0.959831059 0.002365002 -0.006714209 0.009512424 0.999929428
13.466667 0.050460376 -0.109224036 -1.042092323 0.001685404 -0.005772485 0.013649855 0.999888778
13.533333 0.041265193 -0.136395335 -1.141498566 0.001906930 -0.006227641 0.012835465 0.999896407
13.600000 0.044939872 -0.157720298 -1.229503632 -0.001875464 -0.010611349 0.009739740 0.999894500
13.666667 0.038585652 -0.167241216 -1.290480375 -0.003965425 -0.010424413 0.014193065 0.999837101
13.733333 0.029762102 -0.167687461 -1.344471097 -0.001388270 -0.009948513 0.015783401 0.999825001
13.800000 0.026691150 -0.170714691 -1.403911829 -0.001449825 -0.005713834 0.015353770 0.999864757
13.866667 0.030482335 -0.177435488 -1.451311707 -0.002968048 -0.006964721 0.016253386 0.999839246
13.933333 0.033181433 -0.183823973 -1.502642155 -0.001108235 -0.007529265 0.017752104 0.999813437
14.000000 0.038043920 -0.199806109 -1.536781788 -0.001682760 -0.011904798 0.015856087 0.999801993
14.066667 0.036392227 -0.198259920 -1.563699007 -0.000770773 -0.015653068 0.013586233 0.999784887
14.133333 0.025040297 -0.198836684 -1.578314066 -0.000757789 -0.013539622 0.015062083 0.999794602
14.200000 0.032254994 -0.195032388 -1.608674765 0.001263069 -0.012057303 0.010572524 0.999870658
14.266667 0.035759412 -0.188739061 -1.636556387 0.007028884 -0.008709054 0.010601850 0.999881148
14.333333 0.054652009 -0.190906703 -1.685401559 0.007360977 -0.008825628 0.003122796 0.999929070
14.400000 0.053354621 -0.186101884 -1.728599787 0.008803967 -0.003587671 -0.000053717 0.999954820
14.466667 0.046231288 -0.185438797 -1.747286677 0.009720233 -0.002890476 -0.006013601 0.999930501
14.533333 0.050482832 -0.168976992 -1.783116817 0.016266273 -0.001518298 -0.005633570 0.999850690
14.600000 0.059802473 -0.155087158 -1.822648048 0.018156976 0.000799046 -0.013621016 0.999742031
14.666667 0.092103779 -0.120661534 -1.890851259 0.025047468 -0.005031075 -0.016577058 0.999536157
14.733333 0.095456265 -0.122706249 -1.937436342 0.022032078 -0.006015134 -0.017492883 0.999586105
14.800000 0.118589200 -0.097412512 -2.018612623 0.026139194 -0.006573712 -0.013893027 0.999540150
14.866667 0.109388180 -0.093978480 -2.054667950 0.022712123 -0.002429196 -0.014874532 0.999628484
14.933333 0.104502462 -0.089032717 -2.081897020 0.021251595 -0.000068701 -0.012641062 0.999694228
15.000000 0.104761712 -0.076557241 -2.136116743 0.015333476 -0.000713723 -0.002515540 0.999879003
15.066667 0.098607652 -0.076991223 -2.172344685 0.012720226 -0.002467681 -0.009613801 0.999869883
15.133333 0.088071458 -0.079345584 -2.196757555 0.011167036 -0.002083796 -0.009878529 0.999886692
15.200000 0.083932906 -0.078953639 -2.204923153 0.011117481 -0.002745416 -0.008101073 0.999901652
15.266667 0.080162115 -0.076686926 -2.218575478 0.009876657 -0.000937103 -0.008730142 0.999912679
15.333333 0.077521846 -0.068978041 -2.238847256 0.010408543 -0.000061295 -0.013003081 0.999861300
15.400000 0.082923591 -0.061408058 -2.269410849 0.010096679 0.001393019 -0.020897541 0.999729693
15.466667 0.071522705 -0.061864357 -2.290764570 0.008706911 0.004223994 -0.017941708 0.999792218
15.533333 0.064684786 -0.069290675 -2.308796167 0.006565668 0.005144733 -0.015633853 0.999843001
15.600000 0.062296573 -0.062492225 -2.333201885 0.008281618 0.005637179 -0.014954301 0.999837995
15.666667 0.060841009 -0.063020296 -2.344948530 0.005621571 0.006010439 -0.013503153 0.999875009
15.733333 0.054723300 -0.061906446 -2.348550797 0.005090602 0.007294076 -0.014238587 0.999859095
15.800000 0.052644752 -0.065617882 -2.358276367 -0.000490453 0.007994086 -0.011666412 0.999899864
15.866667 0.050833553 -0.062459089 -2.379044771 -0.004555231 0.015915906 -0.009039519 0.999822080
15.933333 0.055002235 -0.060033146 -2.394927025 -0.004279281 0.013455092 -0.008287640 0.999866009
16.000000 0.050881620 -0.055268954 -2.414100647 -0.008143440 0.017726494 -0.005872624 0.999792457
16.066667 0.048982650 -0.053831242 -2.417330742 -0.007935110 0.019942425 -0.008373747 0.999734581
16.133333 0.045809504 -0.054680571 -2.413088322 -0.005344608 0.019173929 -0.003910734 0.999794245
16.200000 0.046133474 -0.054351643 -2.413521290 -0.004060934 0.019402908 -0.003541995 0.999797225
16.266667 0.048510805 -0.055709485 -2.408184052 -0.002690910 0.018467534 -0.003309734 0.999820352
16.333333 0.046811420 -0.060162727 -2.399704456 -0.001483647 0.018314386 -0.003009831 0.999826670
16.400000 0.043084525 -0.061073925 -2.392373085 0.001172071 0.012266621 -0.003175509 0.999919057
16.466667 0.043118633 -0.067433320 -2.396703959 0.005012821 0.003541749 -0.004011880 0.999973118
16.533333 0.037785012 -0.074705139 -2.409489155 0.005352227 0.003455930 -0.002144346 0.999977410
16.600000 0.034148499 -0.081250951 -2.407896042 0.008026038 0.004091526 0.003179698 0.999954402
16.666667 0.035539661 -0.083301432 -2.409737110 0.006721405 0.002004227 0.000583146 0.999975264
16.733333 0.032874696 -0.084340081 -2.409525156 0.007132182 0.003486256 0.000236446 0.999968469
16.800000 0.030596234 -0.083493792 -2.410864353 0.006905388 0.004981330 -0.000417063 0.999963701
16.866667 0.033550140 -0.080998681 -2.420449972 0.009002958 0.005601950 -0.001148946 0.999943137
16.933333 0.036606014 -0.078585438 -2.440997839 0.008017754 0.006622906 -0.000974675 0.999945462
17.000000 0.031907074 -0.072337508 -2.453378439 0.003759164 0.011377373 -0.002609214 0.999924839
17.066667 0.025178948 -0.057419449 -2.461324930 0.003578323 0.015141282 0.003322606 0.999873459
17.133333 0.019280747 -0.038389452 -2.478852034 -0.001476803 0.019781204 0.029198168 0.999376774
2.066667 0.000000000 0.000000000 0.000000000 -0.000000000 -0.000000000 -0.000000000 1.000000000
2.133333 0.049014363 0.008148600 -0.187229842 0.005895051 -0.017016072 -0.009396972 0.999793649
2.200000 0.230925769 0.007885672 -0.457508147 0.013964709 -0.048112817 -0.023189627 0.998475015
2.266667 0.294604629 0.015410759 -0.627658367 0.023603758 -0.060050294 -0.026518853 0.997563839
2.333333 0.291100800 -0.008849014 -0.727274001 0.026786564 -0.062012088 -0.029308494 0.997285306
2.400000 0.270455122 -0.044258676 -0.789614618 0.027306058 -0.060547721 -0.036178991 0.997135639
2.466667 0.282110691 -0.056494638 -0.840973079 0.028900873 -0.058413386 -0.041672591 0.997003496
2.533333 0.288867265 -0.072505824 -0.887336552 0.031963676 -0.058192343 -0.048816621 0.996598721
2.600000 0.273756951 -0.078733549 -0.942106664 0.033143841 -0.056776840 -0.050253946 0.996570349
2.666667 0.272593975 -0.078153849 -1.019618273 0.031831726 -0.058205407 -0.055206690 0.996268570
2.733333 0.257635146 -0.089558974 -1.078607202 0.030764574 -0.056570683 -0.053520959 0.996488273
2.800000 0.240354583 -0.090443358 -1.121400833 0.031553660 -0.055998135 -0.049686477 0.996694446
2.866667 0.228273958 -0.091663040 -1.159798384 0.032502566 -0.056007035 -0.044899300 0.996890604
2.933333 0.217706516 -0.091884658 -1.208015561 0.028240137 -0.056618176 -0.043353047 0.997054398
3.000000 0.194478229 -0.066885076 -1.259844184 0.025683286 -0.054807734 -0.030307338 0.997706354
3.066667 0.180517927 -0.042353667 -1.332335472 0.025494630 -0.052783087 -0.026056491 0.997940421
3.133333 0.168884024 -0.035100535 -1.376040578 0.022347279 -0.053021140 -0.023368267 0.998069763
3.200000 0.162243068 -0.028122030 -1.419397593 0.024969365 -0.050015535 -0.023412952 0.998161733
3.266667 0.134945408 -0.001084145 -1.459580898 0.035113931 -0.043598820 -0.011659760 0.998363793
3.333333 0.118904293 -0.000042861 -1.499562383 0.035465702 -0.040365342 -0.013661497 0.998461902
3.400000 0.111906834 0.004588226 -1.541408658 0.038922127 -0.040531442 -0.007748167 0.998389840
3.466667 0.097514853 0.004043894 -1.577720523 0.040121287 -0.039022252 -0.008753590 0.998394191
3.533333 0.080381654 0.006547810 -1.623706222 0.041452643 -0.034627035 -0.009553028 0.998494565
3.600000 0.061491646 0.018021869 -1.677803636 0.046564840 -0.031120114 -0.005247612 0.998416603
3.666667 0.041810479 0.019015284 -1.725411177 0.048958980 -0.028281160 -0.002648468 0.998396814
3.733333 0.022709794 0.009062852 -1.775008440 0.045941003 -0.024989039 0.000124865 0.998631537
3.800000 0.001046712 0.028357351 -1.840087295 0.050434593 -0.021343758 0.014731255 0.998390615
3.866667 -0.013205963 0.046222139 -1.902751207 0.056589678 -0.018298743 0.024430377 0.997930825
3.933333 -0.025116147 0.047986150 -1.920447469 0.057461377 -0.016152497 0.021930231 0.997976124
4.000000 -0.033081677 0.045894217 -1.934416890 0.057525348 -0.014497831 0.024503373 0.997938037
4.066667 -0.026635468 0.038973249 -1.962312579 0.055545062 -0.013485129 0.016257770 0.998232782
4.133333 -0.034530263 0.023187656 -1.962526917 0.056867380 -0.009860066 0.022013323 0.998090327
4.200000 -0.043217540 0.013269274 -1.983961344 0.056998406 -0.006553500 0.023195103 0.998083293
4.266667 -0.056662608 0.007601157 -2.029978514 0.060817722 -0.002702237 0.029188564 0.997718394
4.333333 -0.067876525 0.004622868 -2.068754196 0.062160108 -0.000745169 0.028037215 0.997672081
4.400000 -0.080064565 0.014305125 -2.106719732 0.064338319 0.004109222 0.022507163 0.997665882
4.466667 -0.088835761 0.018494105 -2.127515554 0.066588655 0.004863606 0.021466997 0.997537732
4.533333 -0.094422884 0.020496406 -2.139748096 0.069100007 0.007645646 0.020868899 0.997362137
4.600000 -0.101675838 0.021953592 -2.153607368 0.070258141 0.011995481 0.018607274 0.997283161
4.666667 -0.103570335 0.028535711 -2.153828144 0.072803587 0.016591458 0.019353200 0.997020483
4.733333 -0.104519159 0.041485965 -2.160452366 0.079306729 0.020025192 0.020020831 0.996447980
4.800000 -0.112478845 0.040722720 -2.192547798 0.079680309 0.022723684 0.013350270 0.996472001
4.866667 -0.114633761 0.038298819 -2.172506094 0.075916007 0.025138110 0.021339431 0.996568859
4.933333 -0.114614315 0.047150880 -2.171096087 0.073941343 0.025297705 0.033350952 0.996383667
5.000000 -0.117244653 0.046878349 -2.170615196 0.071633048 0.024337718 0.039258204 0.996360958
5.066667 -0.127615929 0.047320444 -2.177193165 0.068459839 0.028492536 0.044250954 0.996264696
5.133333 -0.128846541 0.054361459 -2.189642191 0.069783501 0.029453965 0.049800981 0.995882869
5.200000 -0.121862844 0.049584426 -2.203784227 0.063685276 0.027651448 0.047815986 0.996440291
5.266667 -0.126896799 0.052884150 -2.214665651 0.064080387 0.030073946 0.048062403 0.996332884
5.333333 -0.129802868 0.057690632 -2.228439569 0.062910207 0.031599469 0.055280469 0.995985925
5.400000 -0.148172766 0.070589721 -2.344455719 0.059873186 0.032496918 0.055618301 0.996125400
5.400000 -0.148172766 0.070589721 -2.344455719 0.059873186 0.032496918 0.055618301 0.996125400
5.400000 -0.148172766 0.070589721 -2.344455719 0.059873186 0.032496918 0.055618301 0.996125400
5.400000 -0.148172766 0.070589721 -2.344455719 0.059873186 0.032496918 0.055618301 0.996125400
5.400000 -0.148172766 0.070589721 -2.344455719 0.059873186 0.032496918 0.055618301 0.996125400
5.400000 -0.148172766 0.070589721 -2.344455719 0.059873186 0.032496918 0.055618301 0.996125400
5.400000 -0.148172766 0.070589721 -2.344455719 0.059873186 0.032496918 0.055618301 0.996125400
5.400000 -0.148172766 0.070589721 -2.344455719 0.059873186 0.032496918 0.055618301 0.996125400
5.400000 -0.148172766 0.070589721 -2.344455719 0.059873186 0.032496918 0.055618301 0.996125400
5.400000 -0.148172766 0.070589721 -2.344455719 0.059873186 0.032496918 0.055618301 0.996125400
5.400000 -0.148172766 0.070589721 -2.344455719 0.059873186 0.032496918 0.055618301 0.996125400
5.400000 -0.148172766 0.070589721 -2.344455719 0.059873186 0.032496918 0.055618301 0.996125400
5.400000 -0.148172766 0.070589721 -2.344455719 0.059873186 0.032496918 0.055618301 0.996125400
5.400000 -0.148172766 0.070589721 -2.344455719 0.059873186 0.032496918 0.055618301 0.996125400
5.400000 -0.148172766 0.070589721 -2.344455719 0.059873186 0.032496918 0.055618301 0.996125400
5.400000 -0.148172766 0.070589721 -2.344455719 0.059873186 0.032496918 0.055618301 0.996125400
5.400000 -0.148172766 0.070589721 -2.344455719 0.059873186 0.032496918 0.055618301 0.996125400
5.400000 -0.148172766 0.070589721 -2.344455719 0.059873186 0.032496918 0.055618301 0.996125400
5.400000 -0.148172766 0.070589721 -2.344455719 0.059873186 0.032496918 0.055618301 0.996125400
5.400000 -0.148172766 0.070589721 -2.344455719 0.059873186 0.032496918 0.055618301 0.996125400
5.400000 -0.148172766 0.070589721 -2.344455719 0.059873186 0.032496918 0.055618301 0.996125400
5.400000 -0.148172766 0.070589721 -2.344455719 0.059873186 0.032496918 0.055618301 0.996125400
5.400000 -0.148172766 0.070589721 -2.344455719 0.059873186 0.032496918 0.055618301 0.996125400
5.400000 -0.148172766 0.070589721 -2.344455719 0.059873186 0.032496918 0.055618301 0.996125400
5.400000 -0.148172766 0.070589721 -2.344455719 0.059873186 0.032496918 0.055618301 0.996125400
5.400000 -0.148172766 0.070589721 -2.344455719 0.059873186 0.032496918 0.055618301 0.996125400
5.400000 -0.148172766 0.070589721 -2.344455719 0.059873186 0.032496918 0.055618301 0.996125400
5.400000 -0.148172766 0.070589721 -2.344455719 0.059873186 0.032496918 0.055618301 0.996125400
5.400000 -0.148172766 0.070589721 -2.344455719 0.059873186 0.032496918 0.055618301 0.996125400
5.400000 -0.148172766 0.070589721 -2.344455719 0.059873186 0.032496918 0.055618301 0.996125400
5.400000 -0.148172766 0.070589721 -2.344455719 0.059873186 0.032496918 0.055618301 0.996125400
5.400000 -0.148172766 0.070589721 -2.344455719 0.059873186 0.032496918 0.055618301 0.996125400
5.400000 -0.148172766 0.070589721 -2.344455719 0.059873186 0.032496918 0.055618301 0.996125400
5.400000 -0.148172766 0.070589721 -2.344455719 0.059873186 0.032496918 0.055618301 0.996125400
5.400000 -0.148172766 0.070589721 -2.344455719 0.059873186 0.032496918 0.055618301 0.996125400
5.400000 -0.148172766 0.070589721 -2.344455719 0.059873186 0.032496918 0.055618301 0.996125400
5.400000 -0.148172766 0.070589721 -2.344455719 0.059873186 0.032496918 0.055618301 0.996125400
5.400000 -0.148172766 0.070589721 -2.344455719 0.059873186 0.032496918 0.055618301 0.996125400
5.400000 -0.148172766 0.070589721 -2.344455719 0.059873186 0.032496918 0.055618301 0.996125400
5.400000 -0.148172766 0.070589721 -2.344455719 0.059873186 0.032496918 0.055618301 0.996125400
5.400000 -0.148172766 0.070589721 -2.344455719 0.059873186 0.032496918 0.055618301 0.996125400
5.400000 -0.148172766 0.070589721 -2.344455719 0.059873186 0.032496918 0.055618301 0.996125400
5.400000 -0.148172766 0.070589721 -2.344455719 0.059873186 0.032496918 0.055618301 0.996125400
5.400000 -0.148172766 0.070589721 -2.344455719 0.059873186 0.032496918 0.055618301 0.996125400
5.400000 -0.148172766 0.070589721 -2.344455719 0.059873186 0.032496918 0.055618301 0.996125400
5.400000 -0.148172766 0.070589721 -2.344455719 0.059873186 0.032496918 0.055618301 0.996125400
8.533333 0.000000000 0.000000000 0.000000000 -0.000000000 -0.000000000 -0.000000000 1.000000000
8.600000 0.042259969 -0.032653537 -0.209611490 -0.007450270 -0.006230765 -0.000523376 0.999952734
8.666667 0.065774150 -0.035337206 -0.366262943 -0.010258120 -0.010698931 0.000524675 0.999890029
8.733333 0.090149671 -0.035131253 -0.467091769 -0.011474784 -0.012214695 -0.001266469 0.999858797
8.800000 0.073387958 -0.031336028 -0.475461185 -0.010951989 -0.009010133 -0.004249287 0.999890447
8.866667 0.080548719 -0.037890468 -0.482063830 -0.012162950 -0.009411134 -0.005857353 0.999864578
8.933333 0.088831365 -0.038314149 -0.493853748 -0.013110262 -0.010677082 -0.006220118 0.999837697
9.000000 0.088247135 -0.033283677 -0.511683762 -0.014863479 -0.011571008 -0.011125425 0.999760687
9.066667 0.092109166 -0.031756945 -0.538718939 -0.017199045 -0.011637330 -0.008049847 0.999751985
9.133333 0.067708090 -0.036351908 -0.604470730 -0.018123413 -0.009593581 -0.010330045 0.999736369
9.200000 0.043425225 -0.037575144 -0.721547544 -0.018362707 -0.002129112 -0.017801043 0.999670684
9.266667 0.034004465 -0.036949400 -0.854032159 -0.018667998 0.002460404 -0.018350335 0.999654293
9.333333 0.051300697 -0.034498140 -0.984599113 -0.022074919 -0.000181471 -0.015688304 0.999633193
9.400000 0.044928275 -0.032350201 -1.125109315 -0.023873506 0.004290541 -0.019075224 0.999523759
9.466667 0.050510556 -0.020236999 -1.240753293 -0.022661220 0.003007760 -0.015734017 0.999614894
9.533333 0.062178154 -0.013490374 -1.333260298 -0.021367554 0.003592173 -0.013429222 0.999675035
9.600000 0.066154987 -0.014796748 -1.395546675 -0.020512747 0.008450471 -0.015109115 0.999639750
9.666667 0.065600730 -0.013588045 -1.445896864 -0.020685870 0.010558900 -0.011348052 0.999665856
9.733333 0.065002576 -0.018508637 -1.472652435 -0.022504434 0.012817279 -0.013284333 0.999576330
9.800000 0.073662199 -0.021076187 -1.498465538 -0.022280855 0.015163855 -0.013685326 0.999543071
9.866667 0.077785090 -0.021802304 -1.499742508 -0.022563854 0.016453249 -0.013374890 0.999520540
9.933333 0.074633136 -0.020101788 -1.479750037 -0.021632127 0.019312516 -0.014384170 0.999475956
