0.000000 0.000000000 0.000000000 0.000000000 -0.000000000 -0.000000000 -0.000000000 1.000000000
0.066667 0.015604203 -0.019602306 -0.049885746 0.002973113 -0.001804742 -0.002159997 0.999991596
0.133333 0.194983035 -0.094687395 -0.427721798 0.001177927 -0.017061690 0.001934852 0.999851882
0.200000 0.201511830 -0.138492912 -0.459963232 0.000248150 -0.017114284 0.002029710 0.999851465
0.266667 0.336413652 -0.228393555 -0.674277842 -0.001481706 -0.027344951 0.000169305 0.999624968
0.333333 0.361422241 -0.251633763 -0.595211089 -0.006140964 -0.040217590 0.005037559 0.999159396
0.400000 0.637278676 -0.316555351 -1.118359208 0.007267511 -0.048345849 0.006214777 0.998784900
0.466667 0.772687435 -0.330190629 -1.303443432 0.014667262 -0.054548088 0.010204389 0.998351276
0.533333 0.814086258 -0.367158085 -1.380751848 0.020798070 -0.058077320 0.010056187 0.998044789
0.600000 0.815674543 -0.408754647 -1.445567369 0.025664482 -0.057967212 0.004394989 0.997978866
0.666667 0.821371853 -0.420534611 -1.520575523 0.031833775 -0.058805708 0.007136913 0.997736275
0.733333 0.818827212 -0.446730584 -1.579897046 0.030517846 -0.058963899 0.004836661 0.997781813
0.800000 0.818016708 -0.466122746 -1.616587520 0.032924537 -0.059969574 0.002754793 0.997653306
0.866667 0.818513215 -0.477835953 -1.654276848 0.039445244 -0.059901245 0.002410059 0.997421741
0.933333 0.813306272 -0.494938225 -1.681159735 0.044031683 -0.060319521 0.003492449 0.997201383
1.000000 0.811576188 -0.508169472 -1.727302909 0.045664117 -0.059597693 0.003842866 0.997170091
1.066667 0.821653664 -0.511962533 -1.767891645 0.046924680 -0.062128421 0.005410149 0.996949792
1.133333 0.816504180 -0.517555356 -1.784317374 0.047588158 -0.061889648 0.006471334 0.996926904
1.200000 0.821535170 -0.522222638 -1.788116574 0.048555084 -0.062538691 0.006209664 0.996841431
1.266667 0.816124380 -0.523136258 -1.783829093 0.050329302 -0.061678287 0.007609382 0.996797323
1.333333 0.817848146 -0.516285121 -1.787658215 0.055439439 -0.062495902 0.008374352 0.996469080
1.400000 0.819338381 -0.514968812 -1.794842720 0.060416903 -0.062691055 0.010762657 0.996144474
1.466667 0.825073183 -0.512975276 -1.803800821 0.064732648 -0.064792097 0.013126728 0.995710492
1.533333 0.821042180 -0.521150589 -1.810997248 0.067402877 -0.062342480 0.009510984 0.995730817
1.600000 0.815201223 -0.526481092 -1.804727316 0.073721223 -0.061869692 0.010257123 0.995305061
1.666667 0.828774154 -0.514714062 -1.813143015 0.081241190 -0.065969974 0.012271096 0.994433165
1.733333 0.825367868 -0.516172647 -1.828194380 0.081606194 -0.065165132 0.012189810 0.994457364
1.800000 0.821563065 -0.531220317 -1.846018672 0.079576641 -0.065316223 0.001663296 0.994685173
1.866667 0.820686102 -0.531568646 -1.855351329 0.080910020 -0.067893922 -0.001048754 0.994405806
1.933333 0.820743620 -0.534961462 -1.873081207 0.080734871 -0.069577113 -0.006685976 0.994281769
10.000000 0.823901713 -0.534420550 -1.882804036 0.081528120 -0.072179526 -0.012691252 0.993973017
10.000000 0.823901713 -0.534420550 -1.882804036 0.081528120 -0.072179526 -0.012691252 0.993973017
10.000000 0.823901713 -0.534420550 -1.882804036 0.081528120 -0.072179526 -0.012691252 0.993973017
10.000000 0.823901713 -0.534420550 -1.882804036 0.081528120 -0.072179526 -0.012691252 0.993973017
10.000000 0.823901713 -0.534420550 -1.882804036 0.081528120 -0.072179526 -0.012691252 0.993973017
10.000000 0.823901713 -0.534420550 -1.882804036 0.081528120 -0.072179526 -0.012691252 0.993973017
10.000000 0.823901713 -0.534420550 -1.882804036 0.081528120 -0.072179526 -0.012691252 0.993973017
10.000000 0.823901713 -0.534420550 -1.882804036 0.081528120 -0.072179526 -0.012691252 0.993973017
10.000000 0.823901713 -0.534420550 -1.882804036 0.081528120 -0.072179526 -0.012691252 0.993973017
10.000000 0.823901713 -0.534420550 -1.882804036 0.081528120 -0.072179526 -0.012691252 0.993973017
10.000000 0.823901713 -0.534420550 -1.882804036 0.081528120 -0.072179526 -0.012691252 0.993973017
10.000000 0.823901713 -0.534420550 -1.882804036 0.081528120 -0.072179526 -0.012691252 0.993973017
10.000000 0.823901713 -0.534420550 -1.882804036 0.081528120 -0.072179526 -0.012691252 0.993973017
10.000000 0.823901713 -0.534420550 -1.882804036 0.081528120 -0.072179526 -0.012691252 0.993973017
10.000000 0.823901713 -0.534420550 -1.882804036 0.081528120 -0.072179526 -0.012691252 0.993973017
10.000000 0.823901713 -0.534420550 -1.882804036 0.081528120 -0.072179526 -0.012691252 0.993973017
10.000000 0.823901713 -0.534420550 -1.882804036 0.081528120 -0.072179526 -0.012691252 0.993973017
10.000000 0.823901713 -0.534420550 -1.882804036 0.081528120 -0.072179526 -0.012691252 0.993973017
10.000000 0.823901713 -0.534420550 -1.882804036 0.081528120 -0.072179526 -0.012691252 0.993973017
10.000000 0.823901713 -0.534420550 -1.882804036 0.081528120 -0.072179526 -0.012691252 0.993973017
10.000000 0.823901713 -0.534420550 -1.882804036 0.081528120 -0.072179526 -0.012691252 0.993973017
10.000000 0.823901713 -0.534420550 -1.882804036 0.081528120 -0.072179526 -0.012691252 0.993973017
10.000000 0.823901713 -0.534420550 -1.882804036 0.081528120 -0.072179526 -0.012691252 0.993973017
10.000000 0.823901713 -0.534420550 -1.882804036 0.081528120 -0.072179526 -0.012691252 0.993973017
10.000000 0.823901713 -0.534420550 -1.882804036 0.081528120 -0.072179526 -0.012691252 0.993973017
10.000000 0.823901713 -0.534420550 -1.882804036 0.081528120 -0.072179526 -0.012691252 0.993973017
10.000000 0.823901713 -0.534420550 -1.882804036 0.081528120 -0.072179526 -0.012691252 0.993973017
10.000000 0.823901713 -0.534420550 -1.882804036 0.081528120 -0.072179526 -0.012691252 0.993973017
10.000000 0.823901713 -0.534420550 -1.882804036 0.081528120 -0.072179526 -0.012691252 0.993973017
10.000000 0.823901713 -0.534420550 -1.882804036 0.081528120 -0.072179526 -0.012691252 0.993973017
10.000000 0.823901713 -0.534420550 -1.882804036 0.081528120 -0.072179526 -0.012691252 0.993973017
10.000000 0.823901713 -0.534420550 -1.882804036 0.081528120 -0.072179526 -0.012691252 0.993973017
10.000000 0.823901713 -0.534420550 -1.882804036 0.081528120 -0.072179526 -0.012691252 0.993973017
10.000000 0.823901713 -0.534420550 -1.882804036 0.081528120 -0.072179526 -0.012691252 0.993973017
10.000000 0.823901713 -0.534420550 -1.882804036 0.081528120 -0.072179526 -0.012691252 0.993973017
10.000000 0.823901713 -0.534420550 -1.882804036 0.081528120 -0.072179526 -0.012691252 0.993973017
10.000000 0.823901713 -0.534420550 -1.882804036 0.081528120 -0.072179526 -0.012691252 0.993973017
10.000000 0.823901713 -0.534420550 -1.882804036 0.081528120 -0.072179526 -0.012691252 0.993973017
10.000000 0.823901713 -0.534420550 -1.882804036 0.081528120 -0.072179526 -0.012691252 0.993973017
10.000000 0.823901713 -0.534420550 -1.882804036 0.081528120 -0.072179526 -0.012691252 0.993973017
10.000000 0.823901713 -0.534420550 -1.882804036 0.081528120 -0.072179526 -0.012691252 0.993973017
10.000000 0.823901713 -0.534420550 -1.882804036 0.081528120 -0.072179526 -0.012691252 0.993973017
10.000000 0.823901713 -0.534420550 -1.882804036 0.081528120 -0.072179526 -0.012691252 0.993973017
10.000000 0.823901713 -0.534420550 -1.882804036 0.081528120 -0.072179526 -0.012691252 0.993973017
10.000000 0.823901713 -0.534420550 -1.882804036 0.081528120 -0.072179526 -0.012691252 0.993973017
10.000000 0.823901713 -0.534420550 -1.882804036 0.081528120 -0.072179526 -0.012691252 0.993973017
13.133333 0.000000000 0.000000000 0.000000000 -0.000000000 -0.000000000 -0.000000000 1.000000000
13.200000 0.019538110 -0.017977670 -0.271760821 0.000427188 -0.001476530 0.004731774 0.999987602
13.266667 0.033599388 -0.025841350 -0.479867071 0.001007148 -0.003949862 0.008692181 0.999953926
13.333333 0.027101854 -0.057912044 -0.679505944 -0.000205832 -0.004841597 0.007602843 0.999959409
13.400000 0.041960482 -0.108661406 -0.962296247 -0.000919987 -0.005316021 0.007533235 0.999957085
13.466667 0.020144248 -0.121059321 -1.165153265 0.000516649 -0.004415274 0.009876604 0.999941349
13.533333 0.008398640 -0.132249162 -1.283553243 0.002071876 -0.004701745 0.012291504 0.999911249
13.600000 -0.011426833 -0.135847226 -1.376078129 0.002000655 -0.006044773 0.015954286 0.999852479
13.666667 -0.016864542 -0.134888858 -1.486632228 -0.000012798 -0.007997488 0.011912753 0.999897063
13.733333 -0.033152115 -0.141293839 -1.553765416 0.001409003 -0.006024851 0.017629104 0.999825478
13.800000 -0.032376479 -0.141698018 -1.639867187 0.002352185 -0.001700793 0.017568180 0.999841452
13.866667 -0.026518814 -0.140285805 -1.703321218 0.004011237 -0.003392790 0.017675534 0.999830008
13.933333 -0.022997815 -0.148144826 -1.758286834 0.003878991 -0.003991906 0.018821534 0.999807358
14.000000 -0.019640500 -0.157523409 -1.794655323 0.005259509 -0.009028874 0.015536781 0.999824703
14.066667 -0.023683846 -0.160058990 -1.815154314 0.005111215 -0.012481454 0.017155901 0.999761879
14.133333 -0.032676589 -0.158585429 -1.829944015 0.006282629 -0.010705756 0.018181885 0.999757648
14.200000 -0.032766405 -0.156420186 -1.852903843 0.007965348 -0.005987216 0.011233854 0.999887288
14.266667 -0.034938976 -0.155656084 -1.871800900 0.012212833 0.000745361 0.009456541 0.999880433
14.333333 -0.039157595 -0.156883121 -1.889546037 0.016407300 0.004465572 0.006843818 0.999832034
14.400000 -0.065423518 -0.166679680 -1.919766784 0.012977505 0.018738294 -0.005580377 0.999724627
14.466667 -0.069580942 -0.170389161 -1.958393693 0.012918839 0.021238230 -0.009560886 0.999645233
14.533333 -0.070455000 -0.171408668 -1.985512614 0.013651521 0.018533526 -0.004903896 0.999723017
14.600000 -0.066012152 -0.159554288 -2.038176537 0.017050253 0.022444297 0.001885451 0.999600947
14.666667 -0.055756964 -0.153053537 -2.088722229 0.016957199 0.023622487 -0.004948945 0.999564886
14.733333 -0.057998776 -0.143590868 -2.125058174 0.018958762 0.025782496 -0.007654538 0.999458492
14.800000 -0.049054630 -0.127482951 -2.178438902 0.018743835 0.027251001 -0.012893484 0.999369740
14.866667 -0.058222413 -0.117077947 -2.205792189 0.020184485 0.032241546 -0.011628553 0.999208629
14.933333 -0.065672152 -0.112802126 -2.229638577 0.019574970 0.034516670 -0.008686731 0.999174654
15.000000 -0.072019182 -0.100659542 -2.271033525 0.014839206 0.036651339 -0.002353331 0.999215186
15.066667 -0.078760371 -0.095958129 -2.311021805 0.018813543 0.033646081 0.000852051 0.999256372
15.133333 -0.088513292 -0.095873185 -2.325883865 0.019668510 0.033208735 0.004258780 0.999245822
15.200000 -0.091263704 -0.094767652 -2.334632397 0.018595126 0.032080743 0.003666046 0.999305546
15.266667 -0.095544077 -0.095086798 -2.349497557 0.015637962 0.033907123 0.002208150 0.999300182
15.333333 -0.103097737 -0.093004294 -2.367872238 0.016934460 0.036991198 0.007649367 0.999142826
15.400000 -0.111972138 -0.096482784 -2.404471397 0.010513787 0.042265251 0.006457489 0.999030232
15.466667 -0.127401575 -0.103853337 -2.428275347 0.006120864 0.045304041 0.008114599 0.998921573
15.533333 -0.133813858 -0.108377546 -2.441874266 0.005360855 0.045692157 0.009666778 0.998894393
15.600000 -0.135114610 -0.106638975 -2.458328962 0.004602662 0.044813778 0.009752342 0.998937190
15.666667 -0.136869788 -0.106141128 -2.472169876 0.001830510 0.045369565 0.008582505 0.998931766
15.733333 -0.138229966 -0.107315317 -2.477077246 -0.000155691 0.044572812 0.009939734 0.998956680
15.800000 -0.138230458 -0.104019545 -2.486598492 -0.002297101 0.044272225 0.009455043 0.998972118
15.866667 -0.131560966 -0.097688831 -2.511693716 -0.004445336 0.046604898 0.012256284 0.998828351
15.933333 -0.136144072 -0.099245869 -2.522419930 -0.005719165 0.046855949 0.015371507 0.998767018
16.000000 -0.143141732 -0.090911515 -2.537381172 -0.004813457 0.050977014 0.020627122 0.998475194
16.066667 -0.145788416 -0.091850117 -2.540060282 -0.006227177 0.052838080 0.017667620 0.998427391
16.133333 -0.147361562 -0.092771389 -2.543936729 -0.003724282 0.052774876 0.020399373 0.998391151
16.200000 -0.149283230 -0.093870617 -2.539488792 -0.003321399 0.052816972 0.021619659 0.998364627
16.266667 -0.147906542 -0.100009710 -2.536321163 -0.004640603 0.052854434 0.022292135 0.998342574
16.333333 -0.149668559 -0.102692269 -2.537768841 -0.001473067 0.051751647 0.024344310 0.998362184
16.400000 -0.145087972 -0.099290282 -2.537519932 0.002274832 0.043352384 0.020056110 0.998855948
16.466667 -0.142526448 -0.105147943 -2.528383732 0.005237303 0.035390422 0.019696435 0.999165714
16.533333 -0.148735315 -0.106577747 -2.533418417 0.006627363 0.037451215 0.020947430 0.999056876
16.600000 -0.147151068 -0.109756038 -2.524308681 0.007658561 0.035557896 0.020026740 0.999137580
16.666667 -0.148966923 -0.110103004 -2.524299145 0.007882505 0.036159620 0.019287391 0.999128819
16.733333 -0.152127936 -0.113124281 -2.519962549 0.006901201 0.037905835 0.020007869 0.999057174
16.800000 -0.157606110 -0.113520935 -2.521055937 0.006692450 0.040660966 0.020417180 0.998941958
16.866667 -0.156196818 -0.113727249 -2.526002884 0.007136502 0.041158989 0.021225821 0.998901665
16.933333 -0.153803051 -0.112644218 -2.527938604 0.006255453 0.043122083 0.020371491 0.998842537
17.000000 -0.154608056 -0.110487677 -2.538367033 0.001946843 0.046470486 0.025256421 0.998598397
17.066667 -0.165446728 -0.111141741 -2.556306839 -0.002670731 0.052654520 0.032116167 0.998092651
17.133333 -0.178300947 -0.090984665 -2.580938101 -0.000737510 0.063096583 0.039597370 0.997221291
2.066667 0.000000000 0.000000000 0.000000000 -0.000000000 -0.000000000 -0.000000000 1.000000000
2.133333 0.048703801 0.007807830 -0.186565891 0.005838857 -0.016993688 -0.009470996 0.999793708
2.200000 0.231712475 0.007327124 -0.457701832 0.013933909 -0.048182208 -0.023161808 0.998472750
2.266667 0.295699745 0.014382602 -0.628239453 0.023527808 -0.060136635 -0.026504336 0.997560799
2.333333 0.292240590 -0.009821292 -0.726728797 0.026701441 -0.062091999 -0.029300613 0.997282863
2.400000 0.271606892 -0.045545962 -0.791021466 0.027235767 -0.060688786 -0.036073431 0.997132778
2.466667 0.283958137 -0.056161489 -0.839129567 0.029072640 -0.058499523 -0.041811708 0.996987641
2.533333 0.288867265 -0.072505824 -0.887336552 0.031963676 -0.058192343 -0.048816621 0.996598721
2.600000 0.274608463 -0.084270909 -0.935787320 0.032798506 -0.056687716 -0.048852436 0.996656537
2.666667 0.261076629 -0.094270036 -0.999669373 0.031692024 -0.054466736 -0.048316773 0.996842265
2.733333 0.254099041 -0.097696841 -1.072656870 0.032250177 -0.054823469 -0.047696851 0.996834636
2.800000 0.240843013 -0.110722654 -1.119511843 0.029058184 -0.055859230 -0.047475200 0.996885896
2.866667 0.236635178 -0.117611893 -1.166918874 0.028259734 -0.057981420 -0.045604199 0.996875048
2.933333 0.227013409 -0.118722633 -1.219428897 0.025089035 -0.059497621 -0.044689562 0.996911943
3.000000 0.197159708 -0.095482811 -1.272316217 0.020684948 -0.055131059 -0.031579114 0.997765243
3.066667 0.190647498 -0.074604675 -1.347042680 0.020173207 -0.055496294 -0.029912550 0.997806847
3.133333 0.180015057 -0.065162644 -1.388439536 0.020409163 -0.056112021 -0.024031196 0.997926593
3.200000 0.173696771 -0.056180537 -1.437057376 0.022968192 -0.053461891 -0.025895983 0.997969806
3.266667 0.190223143 -0.046207190 -1.491699576 0.024349162 -0.056631263 -0.028312624 0.997696579
3.333333 0.190254927 -0.022571359 -1.542671800 0.028190823 -0.056972668 -0.027454900 0.997599959
3.400000 0.183615074 -0.020438427 -1.579414248 0.031740360 -0.055159889 -0.021220736 0.997747302
3.466667 0.170793518 -0.017432436 -1.618547201 0.032170832 -0.053826064 -0.018453516 0.997861326
3.533333 0.157016128 -0.015326419 -1.655588984 0.034625363 -0.051003397 -0.020071967 0.997896254
3.600000 0.152582899 -0.013206043 -1.696664810 0.036727071 -0.050909854 -0.020301225 0.997821212
3.666667 0.145857796 -0.016528737 -1.728396535 0.037434716 -0.049893517 -0.022586256 0.997797132
3.733333 0.148642182 -0.010612568 -1.769785523 0.039604176 -0.050290287 -0.022278911 0.997700393
3.800000 0.143231690 -0.036923241 -1.796254277 0.040309664 -0.044541903 -0.010760389 0.998135984
3.866667 0.118488826 -0.027990695 -1.897653699 0.043345928 -0.041306023 -0.005418969 0.998191178
3.933333 0.113726556 -0.027373828 -1.936309099 0.042931806 -0.040025521 -0.009684070 0.998228967
4.000000 0.115299620 -0.028146494 -1.969534755 0.045925952 -0.040996883 -0.009913266 0.998054028
4.066667 0.110998124 -0.020166066 -2.001721859 0.050297949 -0.039601278 -0.008944382 0.997908771
4.133333 0.117874354 -0.020611955 -2.037549019 0.051097561 -0.041158214 -0.013610939 0.997752368
4.200000 0.124443293 -0.028879615 -2.071559668 0.046603031 -0.041900083 -0.027483819 0.997655869
4.266667 0.117415227 -0.035677392 -2.110542059 0.042673923 -0.038441628 -0.042042464 0.997463584
4.333333 0.114554338 -0.034003973 -2.148075342 0.042035181 -0.036263149 -0.044803929 0.997452080
4.400000 0.128527403 -0.009449814 -2.188113451 0.041772045 -0.035730455 -0.048868511 0.997291505
4.466667 0.126584992 -0.005764015 -2.196057796 0.036658145 -0.033676300 -0.052657425 0.997371197
4.533333 0.122736484 -0.003416486 -2.194908857 0.036269449 -0.031835940 -0.053750623 0.997387528
4.600000 0.131388009 0.005627751 -2.207076073 0.036466300 -0.031187788 -0.057038542 0.997218192
4.666667 0.130851462 0.008085094 -2.209955215 0.036045521 -0.031324584 -0.060780272 0.997008204
4.733333 0.131556153 0.014263282 -2.217721462 0.034976970 -0.029208953 -0.059439119 0.997191310
4.800000 0.148592114 0.023114452 -2.237742901 0.034790609 -0.029923966 -0.061315089 0.997062981
4.866667 0.138888925 0.014240962 -2.241431236 0.027593559 -0.024553588 -0.057750553 0.997647524
4.933333 0.154904395 0.007494667 -2.256797075 0.026094103 -0.030500961 -0.066980325 0.996946573
5.000000 0.133915693 0.003940207 -2.285839319 0.030223280 -0.024243157 -0.067785509 0.996947348
5.066667 0.122897737 -0.008272553 -2.315570831 0.029750936 -0.021098278 -0.065623522 0.997177660
5.133333 0.111744620 -0.009693528 -2.332259655 0.031547464 -0.017259838 -0.063589297 0.997328043
5.200000 0.107615456 -0.030426525 -2.383759022 0.024592320 -0.019821707 -0.048664372 0.998315632
5.200000 0.107615456 -0.030426525 -2.383759022 0.024592320 -0.019821707 -0.048664372 0.998315632
5.200000 0.107615456 -0.030426525 -2.383759022 0.024592320 -0.019821707 -0.048664372 0.998315632
5.200000 0.107615456 -0.030426525 -2.383759022 0.024592320 -0.019821707 -0.048664372 0.998315632
5.200000 0.107615456 -0.030426525 -2.383759022 0.024592320 -0.019821707 -0.048664372 0.998315632
5.200000 0.107615456 -0.030426525 -2.383759022 0.024592320 -0.019821707 -0.048664372 0.998315632
5.200000 0.107615456 -0.030426525 -2.383759022 0.024592320 -0.019821707 -0.048664372 0.998315632
5.200000 0.107615456 -0.030426525 -2.383759022 0.024592320 -0.019821707 -0.048664372 0.998315632
5.200000 0.107615456 -0.030426525 -2.383759022 0.024592320 -0.019821707 -0.048664372 0.998315632
5.200000 0.107615456 -0.030426525 -2.383759022 0.024592320 -0.019821707 -0.048664372 0.998315632
5.200000 0.107615456 -0.030426525 -2.383759022 0.024592320 -0.019821707 -0.048664372 0.998315632
5.200000 0.107615456 -0.030426525 -2.383759022 0.024592320 -0.019821707 -0.048664372 0.998315632
5.200000 0.107615456 -0.030426525 -2.383759022 0.024592320 -0.019821707 -0.048664372 0.998315632
5.200000 0.107615456 -0.030426525 -2.383759022 0.024592320 -0.019821707 -0.048664372 0.998315632
5.200000 0.107615456 -0.030426525 -2.383759022 0.024592320 -0.019821707 -0.048664372 0.998315632
5.200000 0.107615456 -0.030426525 -2.383759022 0.024592320 -0.019821707 -0.048664372 0.998315632
5.200000 0.107615456 -0.030426525 -2.383759022 0.024592320 -0.019821707 -0.048664372 0.998315632
5.200000 0.107615456 -0.030426525 -2.383759022 0.024592320 -0.019821707 -0.048664372 0.998315632
5.200000 0.107615456 -0.030426525 -2.383759022 0.024592320 -0.019821707 -0.048664372 0.998315632
5.200000 0.107615456 -0.030426525 -2.383759022 0.024592320 -0.019821707 -0.048664372 0.998315632
5.200000 0.107615456 -0.030426525 -2.383759022 0.024592320 -0.019821707 -0.048664372 0.998315632
5.200000 0.107615456 -0.030426525 -2.383759022 0.024592320 -0.019821707 -0.048664372 0.998315632
5.200000 0.107615456 -0.030426525 -2.383759022 0.024592320 -0.019821707 -0.048664372 0.998315632
5.200000 0.107615456 -0.030426525 -2.383759022 0.024592320 -0.019821707 -0.048664372 0.998315632
5.200000 0.107615456 -0.030426525 -2.383759022 0.024592320 -0.019821707 -0.048664372 0.998315632
5.200000 0.107615456 -0.030426525 -2.383759022 0.024592320 -0.019821707 -0.048664372 0.998315632
5.200000 0.107615456 -0.030426525 -2.383759022 0.024592320 -0.019821707 -0.048664372 0.998315632
5.200000 0.107615456 -0.030426525 -2.383759022 0.024592320 -0.019821707 -0.048664372 0.998315632
5.200000 0.107615456 -0.030426525 -2.383759022 0.024592320 -0.019821707 -0.048664372 0.998315632
5.200000 0.107615456 -0.030426525 -2.383759022 0.024592320 -0.019821707 -0.048664372 0.998315632
5.200000 0.107615456 -0.030426525 -2.383759022 0.024592320 -0.019821707 -0.048664372 0.998315632
5.200000 0.107615456 -0.030426525 -2.383759022 0.024592320 -0.019821707 -0.048664372 0.998315632
5.200000 0.107615456 -0.030426525 -2.383759022 0.024592320 -0.019821707 -0.048664372 0.998315632
5.200000 0.107615456 -0.030426525 -2.383759022 0.024592320 -0.019821707 -0.048664372 0.998315632
5.200000 0.107615456 -0.030426525 -2.383759022 0.024592320 -0.019821707 -0.048664372 0.998315632
5.200000 0.107615456 -0.030426525 -2.383759022 0.024592320 -0.019821707 -0.048664372 0.998315632
5.200000 0.107615456 -0.030426525 -2.383759022 0.024592320 -0.019821707 -0.048664372 0.998315632
5.200000 0.107615456 -0.030426525 -2.383759022 0.024592320 -0.019821707 -0.048664372 0.998315632
5.200000 0.107615456 -0.030426525 -2.383759022 0.024592320 -0.019821707 -0.048664372 0.998315632
5.200000 0.107615456 -0.030426525 -2.383759022 0.024592320 -0.019821707 -0.048664372 0.998315632
5.200000 0.107615456 -0.030426525 -2.383759022 0.024592320 -0.019821707 -0.048664372 0.998315632
5.200000 0.107615456 -0.030426525 -2.383759022 0.024592320 -0.019821707 -0.048664372 0.998315632
5.200000 0.107615456 -0.030426525 -2.383759022 0.024592320 -0.019821707 -0.048664372 0.998315632
5.200000 0.107615456 -0.030426525 -2.383759022 0.024592320 -0.019821707 -0.048664372 0.998315632
5.200000 0.107615456 -0.030426525 -2.383759022 0.024592320 -0.019821707 -0.048664372 0.998315632
5.200000 0.107615456 -0.030426525 -2.383759022 0.024592320 -0.019821707 -0.048664372 0.998315632
8.333333 0.000000000 0.000000000 0.000000000 -0.000000000 -0.000000000 -0.000000000 1.000000000
8.400000 -0.006504640 0.036240768 -0.142770022 -0.001195709 -0.006482812 0.003224491 0.999973118
8.466667 -0.155302763 0.102728963 -0.114790566 0.005425899 0.008039968 0.003305679 0.999947548
8.533333 -0.176423624 0.097287834 -0.204171881 0.001970250 0.007198615 0.002934650 0.999967873
8.600000 -0.157986835 0.088434353 -0.367094606 -0.001565736 0.003630215 0.005135973 0.999979019
8.666667 -0.155708194 0.091916636 -0.479862273 -0.003306632 0.002284900 0.006017083 0.999973834
8.733333 -0.161569923 0.099398531 -0.551308453 -0.003412296 0.003845491 0.003836513 0.999979436
8.800000 -0.167480394 0.091097422 -0.568100393 -0.004804160 0.005500181 0.001073328 0.999972761
8.866667 -0.167901888 0.091836043 -0.573225141 -0.005227598 0.006249498 -0.000513444 0.999966681
8.933333 -0.151944622 0.085718051 -0.599358678 -0.006282741 0.003832619 -0.002033747 0.999970853
9.000000 -0.128731459 0.074355617 -0.641060531 -0.009326378 0.000843777 -0.004085080 0.999947846
9.066667 -0.121317156 0.063664243 -0.668232024 -0.012623956 0.000082470 -0.005449890 0.999905467
9.133333 -0.122516491 0.062205300 -0.683328927 -0.012668010 0.000668918 -0.002528944 0.999916315
9.200000 -0.134855270 0.054558329 -0.694029212 -0.013522708 0.008583988 -0.007347515 0.999844730
9.266667 -0.138576493 0.036141928 -0.748840690 -0.015968444 0.011029721 -0.010006288 0.999761581
9.333333 -0.147552967 0.025752196 -0.783878446 -0.019678028 0.011884341 -0.005325879 0.999721587
9.400000 -0.128359407 0.015248016 -0.854783654 -0.021859696 0.013652246 0.003196805 0.999662757
9.466667 -0.127800286 0.008314050 -0.894696712 -0.026011795 0.015082791 0.010133939 0.999496460
9.533333 -0.126612902 0.006076061 -0.935532808 -0.027502531 0.017154356 0.012598071 0.999395132
9.600000 -0.143167794 -0.002426225 -0.971230865 -0.028311118 0.026578197 0.008464548 0.999209940
9.666667 -0.151039109 -0.002456984 -1.003094316 -0.029179547 0.028844228 0.008439302 0.999122322
9.733333 -0.151428655 -0.004223162 -1.026888847 -0.029570630 0.030254783 0.008220632 0.999070942
9.800000 -0.147506937 -0.006604833 -1.044069886 -0.029912092 0.032744914 0.007709478 0.998986304
9.866667 -0.151469752 -0.005354790 -1.036608100 -0.029608579 0.036093701 0.009981573 0.998859823
9.933333 -0.157985568 -0.005761785 -1.022522211 -0.029550249 0.040431395 0.006953705 0.998721063
