0.000000 0.000000000 0.000000000 0.000000000 -0.000000000 -0.000000000 -0.000000000 1.000000000
0.066667 0.000307414 0.001089057 -0.001984248 0.002429437 -0.005402517 0.000340028 0.999982417
0.133333 -0.001309314 -0.000677441 -0.003579517 -0.013565262 -0.011015264 0.002088331 0.999845147
0.200000 -0.001194399 0.000105059 -0.003499270 -0.026316335 -0.019928593 0.000562827 0.999454856
0.266667 -0.004211772 0.002146468 -0.004707885 -0.032879196 -0.020413408 -0.003383406 0.999245107
0.333333 -0.004446561 0.004342620 -0.004868440 -0.040741783 -0.026641279 -0.007730873 0.998784542
0.400000 -0.003969078 0.003970441 -0.005623247 -0.043268040 -0.030699635 -0.006959841 0.998567462
0.466667 -0.005015321 0.003920718 -0.004655287 -0.045032375 -0.025721956 -0.006765414 0.998631418
0.533333 -0.004726129 0.003626821 -0.003958898 -0.042926110 -0.024145084 -0.001752958 0.998784900
0.600000 -0.005439138 0.003665994 -0.004547685 -0.040710110 -0.022535596 -0.001379953 0.998915911
0.666667 -0.007830689 0.005918878 -0.004139561 -0.034827780 -0.020528667 -0.005248806 0.999168694
0.733333 -0.007789057 0.011270016 -0.003377388 -0.021172667 -0.026790801 -0.009301224 0.999373555
0.800000 -0.002216557 0.012919049 -0.001339798 -0.017681461 -0.044654164 -0.010068278 0.998795271
0.866667 -0.000898371 0.014954480 0.000596438 -0.010485220 -0.047147047 -0.011479218 0.998766959
0.933333 0.001563886 0.016857266 0.002616172 -0.005781001 -0.051533315 -0.011038319 0.998593569
1.000000 0.002108980 0.019501517 0.004128319 -0.001139953 -0.050935477 -0.012893175 0.998618066
1.066667 0.001663056 0.023320885 0.006298626 0.008269234 -0.048483081 -0.014912964 0.998678446
1.133333 0.003581053 0.026738390 0.009215205 0.016182065 -0.053076386 -0.018492837 0.998288095
1.200000 0.003844901 0.026034128 0.010452400 0.011983744 -0.051589373 -0.018408999 0.998426795
1.266667 0.002026404 0.027081350 0.011061649 0.016736856 -0.043513007 -0.018112330 0.998748422
1.333333 0.001409521 0.027644349 0.011664638 0.020132083 -0.041511394 -0.015574483 0.998813808
1.400000 0.000628967 0.028537350 0.011830105 0.025059143 -0.038229242 -0.016094603 0.998825133
1.466667 0.001111202 0.028069625 0.011541690 0.023689704 -0.040549997 -0.014877494 0.998785853
1.533333 0.000843394 0.028244259 0.011447090 0.025031624 -0.039627720 -0.010665172 0.998844028
1.600000 0.000635102 0.027988853 0.011549179 0.024303263 -0.039040137 -0.006328830 0.998922050
1.666667 0.000860313 0.028379468 0.011595808 0.026825825 -0.040771652 -0.004197281 0.998799503
1.733333 0.002074173 0.024000233 0.012112984 0.011985675 -0.043945625 -0.001536526 0.998960853
1.800000 -0.002092100 0.017616002 0.010068582 -0.013114206 -0.030820437 -0.000934593 0.999438465
1.866667 -0.000914420 0.007350562 0.010709601 -0.050848905 -0.035804030 -0.007147158 0.998038769
1.933333 0.000106072 0.006027874 0.011128889 -0.055547006 -0.039678402 -0.004549840 0.997657001
2.000000 -0.000627093 0.005946637 0.011069039 -0.053561386 -0.037257735 -0.004119578 0.997860730
2.066667 -0.000245023 0.006922220 0.010631105 -0.047730207 -0.038800899 -0.003898785 0.998098791
2.133333 0.001433572 0.007183631 0.009384428 -0.036049895 -0.046447612 -0.007305680 0.998243272
2.200000 0.002703036 0.004890381 0.009383399 -0.036521390 -0.050602030 -0.001086238 0.998050332
2.266667 0.005996349 0.004692775 0.012971431 -0.032714840 -0.062540479 -0.004183133 0.997497320
2.333333 0.008741258 0.003945882 0.016397247 -0.029337661 -0.074957997 -0.005980602 0.996737123
2.400000 0.010223717 0.003102433 0.018535761 -0.027311841 -0.080839567 -0.000143957 0.996352851
2.466667 0.008344527 0.005725214 0.020056939 -0.008154058 -0.074279897 0.004276584 0.997194946
2.533333 0.003934438 0.004349502 0.021945214 -0.005712946 -0.058399286 0.008939714 0.998236954
2.600000 -0.000387670 0.005641041 0.024808316 0.002974433 -0.038898993 0.000185531 0.999238729
2.666667 -0.001892851 0.005822312 0.024827337 0.000008144 -0.029417459 -0.014660157 0.999459684
2.733333 0.001639833 0.006790069 0.021633321 -0.002047677 -0.035952594 -0.029323984 0.998921096
2.800000 0.003429319 0.004444293 0.021019293 -0.017146775 -0.036970835 -0.042007409 0.998285830
2.866667 0.003898137 0.002786845 0.020711783 -0.024898784 -0.037086293 -0.052058663 0.997644544
2.933333 0.004139661 0.000051906 0.021430058 -0.034109347 -0.035565939 -0.060910247 0.996926069
3.000000 0.002258507 -0.000553726 0.022413054 -0.030972756 -0.028577704 -0.064105563 0.997052908
3.066667 0.000949547 0.000617005 0.022047460 -0.022910938 -0.023492558 -0.061682966 0.997556269
3.133333 -0.001408850 -0.001753004 0.021643136 -0.025897847 -0.016087605 -0.058446899 0.997824907
3.200000 -0.004555278 -0.007624481 0.021333344 -0.041413043 -0.006620873 -0.053211592 0.997702181
3.266667 -0.007649160 -0.012348241 0.020217001 -0.048886992 0.001560794 -0.052818809 0.997405529
3.333333 -0.009061895 -0.016893495 0.019067340 -0.055461142 0.000862370 -0.048700653 0.997272074
3.400000 -0.009219340 -0.015820913 0.017476844 -0.040746141 -0.002472798 -0.046404153 0.998088360
3.466667 -0.006420277 -0.011600536 0.014912711 -0.011068856 -0.015655579 -0.045422401 0.998783886
3.533333 -0.004107091 -0.010172332 0.011455764 0.011576142 -0.027431777 -0.043350901 0.998616159
3.600000 -0.001467191 -0.006015942 0.007767641 0.043232717 -0.040298585 -0.033230204 0.997698724
3.666667 0.005061586 -0.002698387 0.008635907 0.070072196 -0.058582414 -0.030462041 0.995354235
3.733333 0.008670443 -0.001594889 0.010820800 0.082086630 -0.064020805 -0.025860423 0.994230568
3.800000 0.011962049 -0.005514971 0.012761643 0.068756394 -0.066313945 -0.013734644 0.995332301
3.866667 0.008746509 -0.009848532 0.012166988 0.048201554 -0.055229630 -0.001938548 0.997307658
3.933333 0.006039510 -0.010889129 0.010533475 0.044081118 -0.047473427 0.003967251 0.997891486
4.000000 0.003661363 -0.012401440 0.011743026 0.038085368 -0.037364058 0.003801054 0.998568475
4.066667 0.001831437 -0.012986927 0.012906353 0.036787625 -0.028573699 0.002012973 0.998912513
4.133333 0.002273206 -0.013154505 0.014525880 0.043090329 -0.024195842 0.003266503 0.998772800
4.200000 0.003181676 -0.013106889 0.013549590 0.051991466 -0.020927461 0.004120942 0.998419702
4.266667 0.004288571 -0.011718099 0.012514031 0.060415410 -0.021680452 0.002209308 0.997935414
4.333333 0.004112297 -0.011613642 0.012261233 0.061085165 -0.019407716 0.000071278 0.997943878
4.400000 0.002010305 -0.013601927 0.014698613 0.049583584 -0.007997386 -0.001119119 0.998737335
4.466667 0.000996897 -0.014993569 0.019350706 0.034558903 0.002373287 -0.001770558 0.999398291
4.533333 -0.001491770 -0.017681442 0.023563124 0.019645574 0.014478294 0.000594736 0.999702036
4.600000 -0.003105440 -0.018129528 0.024966307 0.018171016 0.023639129 0.003590557 0.999548972
4.666667 -0.005325980 -0.019643523 0.025829818 0.012102366 0.032876559 0.006194879 0.999366939
4.733333 -0.005534691 -0.032227825 0.023829535 -0.028691851 0.031803835 0.020640301 0.998869002
4.800000 -0.005653839 -0.033590056 0.024424946 -0.032564830 0.031982888 0.020319313 0.998751104
4.866667 -0.005519203 -0.033434521 0.024015117 -0.031536028 0.031347133 0.021135570 0.998787344
4.933333 -0.003959899 -0.033233814 0.022615323 -0.030630689 0.028030515 0.026264338 0.998792410
5.000000 -0.003977032 -0.032495920 0.019474326 -0.031518456 0.030823715 0.032335676 0.998504341
5.066667 -0.004094339 -0.025727373 0.017748708 -0.018075585 0.032321420 0.039008610 0.998552442
5.133333 -0.005953319 -0.016782865 0.017738823 -0.005341505 0.039102897 0.045059286 0.998204470
5.200000 -0.009399130 -0.015228382 0.016899383 -0.008901965 0.047435202 0.055434704 0.997295201
5.266667 -0.010035980 -0.015069301 0.017711909 -0.020375868 0.047485445 0.058554556 0.996946037
5.333333 -0.010228641 -0.018464524 0.018781686 -0.051961135 0.045170147 0.059887249 0.995827913
5.400000 -0.009417654 -0.022040000 0.018769465 -0.075609542 0.040848270 0.058444060 0.994584799
5.466667 -0.007986470 -0.026884655 0.019365557 -0.099193983 0.033717055 0.057715695 0.992820561
5.533333 -0.007261254 -0.037767258 0.022275990 -0.143660501 0.026465204 0.058394182 0.987548172
5.600000 -0.004686864 -0.041801140 0.023549233 -0.157615513 0.012921722 0.059636865 0.985613465
5.666667 -0.003978869 -0.039685018 0.025783237 -0.151075721 0.003012732 0.057500962 0.986843824
5.733333 -0.001999657 -0.037794050 0.028089957 -0.139566615 -0.009120316 0.053322043 0.988733947
5.800000 -0.002450675 -0.035211693 0.027852369 -0.124486789 -0.007429767 0.054495886 0.990695775
5.866667 -0.001381284 -0.032393694 0.026328051 -0.102379844 -0.012747990 0.050551433 0.993378282
5.933333 -0.001047200 -0.031329140 0.023549607 -0.086689614 -0.014867729 0.050932582 0.994821429
6.000000 0.001419405 -0.030282829 0.022649080 -0.075972289 -0.023641745 0.050997738 0.995524287
6.066667 0.002356630 -0.028953237 0.022115896 -0.067713782 -0.025373178 0.050681420 0.996093631
6.133333 0.003023984 -0.027936373 0.021344753 -0.061946288 -0.023064317 0.043264341 0.996874571
6.200000 0.002466111 -0.025905754 0.021510895 -0.051993527 -0.012308311 0.040579420 0.997746706
6.266667 0.003419712 -0.025724707 0.022028524 -0.051319707 -0.005879148 0.039553776 0.997881413
6.333333 0.003775257 -0.028968135 0.024502557 -0.072548091 0.001427570 0.039430100 0.996584177
6.400000 0.004568695 -0.030915195 0.029511698 -0.090606689 0.007895411 0.036716025 0.995178401
6.466667 0.006147593 -0.030432003 0.035289995 -0.101545557 0.008069492 0.039329983 0.994020402
6.533333 0.001533781 -0.023621824 0.035080992 -0.084475636 0.027831795 0.039766770 0.995242596
6.600000 -0.000299930 -0.021590196 0.037093002 -0.086470187 0.035547677 0.036922216 0.994935215
6.666667 -0.001522377 -0.026182009 0.040274955 -0.108418949 0.042992007 0.030689800 0.992700934
6.733333 -0.007211044 -0.029260464 0.041514520 -0.117498457 0.061712738 0.019160859 0.990968525
6.800000 -0.010612498 -0.032108538 0.041949894 -0.129874691 0.066640928 0.018218081 0.989120662
6.866667 -0.011139640 -0.031526618 0.041545145 -0.130337372 0.058676671 0.016402293 0.989596009
6.933333 -0.010868539 -0.030584412 0.042851072 -0.129597813 0.056257196 0.014367437 0.989865243
7.000000 -0.012316731 -0.031459544 0.044835296 -0.135116473 0.061067499 0.014550594 0.988839030
7.066667 -0.011414845 -0.032360770 0.044578977 -0.138960868 0.054665197 0.017257117 0.988637388
7.133333 -0.011240442 -0.032450944 0.043950081 -0.138705343 0.050115641 0.018200727 0.988897383
7.200000 -0.010452046 -0.032338452 0.042895272 -0.138132125 0.043335669 0.017833099 0.989304602
7.266667 -0.009962724 -0.033094071 0.042620853 -0.140742868 0.040143896 0.020282110 0.989024043
7.333333 -0.009883540 -0.033888165 0.044183172 -0.145867944 0.041881718 0.018177228 0.988250017
7.400000 -0.005911329 -0.032036889 0.045810971 -0.140005291 0.034645408 0.016476149 0.989407301
7.466667 -0.006550852 -0.030329010 0.047556333 -0.136693910 0.040792987 0.011303953 0.989708543
7.533333 -0.004949175 -0.031619810 0.051573686 -0.149371624 0.039523788 0.007940577 0.987959027
7.600000 -0.006913464 -0.033562128 0.055118173 -0.166728780 0.050282698 0.004788452 0.984708190
7.666667 -0.005335475 -0.033730909 0.057356745 -0.175561219 0.051864531 0.003808463 0.983094037
7.733333 -0.002120238 -0.035580754 0.061544474 -0.197789833 0.050474096 0.009138253 0.978901505
7.800000 -0.000086101 -0.040968619 0.068195611 -0.226018399 0.049200442 0.013579438 0.972784996
7.866667 0.000517121 -0.042722479 0.072466195 -0.233852178 0.046925709 0.016951626 0.970991135
7.933333 0.001819161 -0.048315592 0.077983305 -0.248159602 0.038215186 0.014552902 0.967855692
8.000000 0.003132968 -0.051324178 0.081984967 -0.249571100 0.030555034 0.011710724 0.967803478
8.066667 0.004807138 -0.050897866 0.083942316 -0.238459364 0.025205048 0.012105153 0.970749915
8.133333 0.004728055 -0.051536627 0.083981223 -0.232535154 0.024423346 0.014184329 0.972177804
8.200000 0.005031920 -0.053630847 0.084795110 -0.231750995 0.022592414 0.016920602 0.972365558
8.266667 0.004907583 -0.053429864 0.084785491 -0.229903743 0.022780839 0.018312573 0.972774386
8.333333 0.004562261 -0.053320795 0.085710913 -0.229008153 0.022351218 0.019207297 0.972978294
8.400000 0.004123056 -0.053010806 0.086930044 -0.228671253 0.023607597 0.020086875 0.973010123
8.466667 0.004683136 -0.052122749 0.089285418 -0.226678267 0.021273782 0.018483967 0.973561883
8.533333 0.003806118 -0.051750049 0.090125434 -0.225456357 0.025325986 0.018452264 0.973749220
8.600000 0.002917042 -0.052548207 0.092196479 -0.230076835 0.029811591 0.019845987 0.972513258
8.666667 0.003132392 -0.053546082 0.094138436 -0.228258103 0.027628465 0.019511001 0.973012984
8.733333 0.001267913 -0.062125415 0.097232617 -0.248277247 0.031352397 0.015304609 0.968060553
8.800000 0.002970147 -0.072074093 0.103737593 -0.269973367 0.023949314 0.014588875 0.962459326
8.866667 0.004982667 -0.071452133 0.108865969 -0.259421080 0.015056493 0.014866946 0.965532541
8.933333 0.006399076 -0.071047716 0.114350818 -0.253147393 0.010875846 0.015646113 0.967240095
9.000000 0.007374910 -0.069371685 0.118840031 -0.244008228 0.007760286 0.013768212 0.969644368
9.066667 0.007760871 -0.067798637 0.120719314 -0.236282885 0.005880876 0.011975835 0.971592724
9.133333 0.009606807 -0.065886922 0.123517923 -0.225838348 -0.001841169 0.012271263 0.974085748
9.200000 0.010284060 -0.065840930 0.124851517 -0.218268380 -0.004234204 0.013256715 0.975789547
9.266667 0.011024619 -0.063688770 0.127320901 -0.210418224 -0.009685576 0.011144314 0.977499962
9.333333 0.013109766 -0.063100956 0.131230578 -0.204835206 -0.022369916 0.010013493 0.978489578
9.400000 0.014755276 -0.062208485 0.135399863 -0.196939409 -0.035432748 0.009065529 0.979733288
9.466667 0.015677113 -0.062032599 0.140468210 -0.191438824 -0.045312688 0.011905306 0.980385721
9.533333 0.016114095 -0.060800493 0.145041555 -0.186544910 -0.050297584 0.013139874 0.981070101
9.600000 0.018408760 -0.058900505 0.148277372 -0.177357331 -0.064330854 0.012568878 0.981961310
9.666667 0.018570770 -0.057172488 0.149646983 -0.168682620 -0.066262566 0.011522959 0.983373106
9.733333 0.020056933 -0.055291366 0.151649445 -0.155199781 -0.074403599 0.012222016 0.985001445
9.800000 0.019820547 -0.054940604 0.152827516 -0.151824549 -0.074027404 0.011809735 0.985560715
9.866667 0.018587533 -0.056006882 0.154614106 -0.155735880 -0.070907436 0.010456341 0.985194981
9.933333 0.019539641 -0.053821918 0.157768637 -0.145482868 -0.079651326 0.009347573 0.986105025
10.000000 0.019421790 -0.051769711 0.159897611 -0.136000991 -0.082339428 0.008852277 0.987241387
10.066667 0.018771091 -0.051026359 0.161785379 -0.131522462 -0.082554497 0.008790266 0.987830639
10.133333 0.018076308 -0.051861573 0.164807990 -0.133627459 -0.085168749 0.007492491 0.987336755
10.200000 0.018828144 -0.051655162 0.166715652 -0.131855398 -0.090951346 0.006777650 0.987064362
10.266667 0.019638963 -0.050977305 0.168206289 -0.127471715 -0.097041249 0.007531907 0.987054884
10.333333 0.019711927 -0.048824515 0.168490738 -0.115703665 -0.098179407 0.007856906 0.988388479
10.400000 0.019098861 -0.048322253 0.169101700 -0.112957187 -0.096442163 0.007070870 0.988883018
10.466667 0.018717373 -0.048684135 0.169887796 -0.112478770 -0.095955782 0.005946949 0.988992274
10.533333 0.017797600 -0.048475437 0.171844035 -0.109521545 -0.096439540 0.004372109 0.989285290
10.600000 0.016892288 -0.048147243 0.173629433 -0.108124942 -0.098154426 0.002370770 0.989277065
10.666667 0.014253493 -0.047759715 0.174390897 -0.104638547 -0.095362730 0.004101272 0.989919126
10.733333 0.013124064 -0.049432751 0.176748618 -0.110272177 -0.096568517 -0.000689861 0.989198744
10.800000 0.012617909 -0.049101390 0.178810149 -0.107852452 -0.096516185 -0.003675691 0.989463985
10.866667 0.011060625 -0.047795661 0.180021852 -0.102773167 -0.090823337 -0.003906348 0.990542054
10.933333 0.010694025 -0.047234904 0.180958495 -0.100218304 -0.087912656 -0.003132271 0.991069078
11.000000 0.010696563 -0.047307916 0.183338732 -0.099347852 -0.090261541 -0.003821018 0.990943134
11.066667 0.010028142 -0.046718050 0.186328173 -0.094956048 -0.092129737 -0.009844156 0.991160214
11.133333 0.013150794 -0.048759181 0.190670818 -0.099696189 -0.103663720 -0.011733383 0.989533663
11.200000 0.016502313 -0.046082389 0.193461731 -0.089465454 -0.113082424 -0.013602048 0.989456058
11.266667 0.018438874 -0.041290142 0.192872122 -0.075374268 -0.115924060 -0.013253837 0.990305364
11.333333 0.019717285 -0.038682614 0.194056079 -0.078039333 -0.117858097 -0.010027763 0.989908457
11.400000 0.020010214 -0.037536360 0.194723994 -0.088514432 -0.125305623 -0.012386016 0.988084197
11.466667 0.018600415 -0.034772117 0.197258115 -0.086305678 -0.131558165 -0.016546935 0.987405717
11.533333 0.012953945 -0.038153794 0.199116901 -0.100008853 -0.130916774 -0.020948485 0.986113727
11.600000 0.012928492 -0.037784714 0.199055389 -0.098395370 -0.132668540 -0.019476194 0.986072063
11.666667 0.013873853 -0.039203875 0.197940215 -0.107327677 -0.136845335 -0.023092203 0.984490156
11.733333 0.019027680 -0.045389336 0.196377009 -0.134342358 -0.143047944 -0.020261941 0.980346322
11.800000 0.025012771 -0.046967998 0.198335946 -0.147110254 -0.153224096 -0.016044326 0.977048397
11.866667 0.024489673 -0.048389707 0.197543502 -0.150020167 -0.152741030 -0.017334303 0.976659477
11.933333 0.018635714 -0.049182810 0.193980604 -0.148952872 -0.143362477 -0.025446057 0.978065789
12.000000 0.014466759 -0.048277013 0.190992922 -0.143215239 -0.140736774 -0.031910520 0.979114056
12.066667 0.016757384 -0.046389941 0.190717861 -0.134261057 -0.147168726 -0.027738228 0.979564190
12.133333 0.017243547 -0.045635689 0.188793689 -0.126272976 -0.149857864 -0.026749305 0.980246007
12.200000 0.016407117 -0.049643695 0.182913318 -0.134539992 -0.142017186 -0.026910868 0.980309129
12.266667 0.015926916 -0.048856903 0.176839381 -0.134251252 -0.135513395 -0.030669332 0.981158555
12.333333 0.014910445 -0.044093553 0.172108471 -0.124306798 -0.135001972 -0.039066941 0.982240319
12.400000 0.015632052 -0.040982228 0.171705037 -0.116415091 -0.139642000 -0.039085932 0.982557893
12.466667 0.016525777 -0.041168332 0.170037851 -0.114294447 -0.147756681 -0.036153737 0.981731951
12.533333 0.017644294 -0.041375306 0.168699875 -0.112673722 -0.154082537 -0.031618278 0.981103241
12.600000 0.020698503 -0.038127862 0.166687563 -0.108181104 -0.162891433 -0.028568141 0.980279088
12.666667 0.023162771 -0.030856609 0.161798164 -0.095687442 -0.166218802 -0.028244318 0.981028855
12.733333 0.024820356 -0.022222519 0.159333080 -0.084674641 -0.167601421 -0.029281834 0.981775224
12.800000 0.025510157 -0.016357873 0.159838811 -0.081953011 -0.167647868 -0.030717075 0.981954396
12.866667 0.025309714 -0.014695430 0.161053956 -0.086468749 -0.166303113 -0.029025035 0.981847227
12.933333 0.023865307 -0.016842466 0.162309885 -0.101165235 -0.160280988 -0.032542184 0.981334090
13.000000 0.021597596 -0.021719906 0.161306784 -0.133026525 -0.155390605 -0.037755389 0.978126884
13.066667 0.021278551 -0.021466415 0.163798451 -0.149354890 -0.153168827 -0.042215131 0.975935638
13.133333 0.019575885 -0.021732509 0.165274441 -0.163138211 -0.148665309 -0.051093858 0.973998964
13.200000 0.018825468 -0.022426018 0.165848196 -0.169375926 -0.146672532 -0.053399097 0.973112285
13.266667 0.018763419 -0.023340460 0.165936947 -0.173432723 -0.147324055 -0.055049691 0.972206891
13.333333 0.020135151 -0.020436168 0.166161403 -0.156323493 -0.152163774 -0.051487293 0.974555373
13.400000 0.023745343 -0.020487107 0.167067394 -0.143096909 -0.165476546 -0.041135646 0.974909544
13.466667 0.024945319 -0.018885411 0.165990084 -0.120360799 -0.173147306 -0.032925874 0.976959169
13.533333 0.024994697 -0.017685756 0.163758084 -0.092903107 -0.177139759 -0.027671600 0.979400218
13.600000 0.019495066 -0.019390155 0.155359477 -0.064263731 -0.166853830 -0.034029834 0.983296454
13.666667 0.017058844 -0.023886118 0.149938211 -0.039464056 -0.166416630 -0.045891840 0.984196126
13.733333 0.017195769 -0.025983222 0.151216656 -0.002206016 -0.174663454 -0.070460454 0.982101381
13.800000 0.018518826 -0.030720295 0.149721563 0.024328077 -0.180343688 -0.097376071 0.978469312
13.866667 0.019620027 -0.034363396 0.145888910 0.049932819 -0.183701620 -0.117835931 0.974615395
13.933333 0.021154292 -0.036935791 0.142535999 0.071668185 -0.185585245 -0.131021366 0.971213281
14.000000 0.022546720 -0.041498296 0.138602123 0.080949493 -0.186104253 -0.142863274 0.968711793
14.066667 0.023395147 -0.042001966 0.134192735 0.093123108 -0.178050831 -0.154344216 0.967369556
14.133333 0.025885986 -0.042097315 0.133556560 0.107561611 -0.178787112 -0.162044153 0.964472592
14.200000 0.025638979 -0.038850524 0.134934902 0.123417974 -0.172490239 -0.163574249 0.963461757
14.266667 0.024329226 -0.037988249 0.136368781 0.126690388 -0.166748881 -0.162924901 0.964157581
14.333333 0.024834944 -0.037254803 0.138154432 0.131370679 -0.165189922 -0.165663183 0.963332653
14.400000 0.027141605 -0.036506798 0.140427545 0.135916457 -0.169697747 -0.166997835 0.961686611
14.466667 0.028701790 -0.034399047 0.141938314 0.141474411 -0.171684206 -0.168563828 0.960258186
14.533333 0.029462870 -0.033922341 0.143468231 0.143277094 -0.174786031 -0.166277796 0.959829807
14.600000 0.028854245 -0.031848066 0.145401180 0.147188768 -0.172429338 -0.163545325 0.960133612
14.666667 0.026048489 -0.029277258 0.145400345 0.148148745 -0.160749987 -0.162988156 0.962105155
14.733333 0.020674331 -0.028083177 0.141944751 0.136021271 -0.140373573 -0.157584623 0.967967212
14.800000 0.015059547 -0.028657030 0.137608588 0.117078409 -0.120959416 -0.158108890 0.972966135
14.866667 0.012172574 -0.028191917 0.135326788 0.104115196 -0.107396409 -0.159286037 0.975835025
14.933333 0.010155572 -0.031292114 0.131510392 0.082657270 -0.098625116 -0.162063539 0.978353858
15.000000 0.010147730 -0.031009918 0.131501287 0.083654918 -0.098804824 -0.162937135 0.978105783
15.066667 0.010012032 -0.030945757 0.132168323 0.084927775 -0.097841837 -0.162461728 0.978172004
15.133333 0.009246929 -0.030514831 0.132034525 0.086785413 -0.096739337 -0.161292940 0.978312016
15.200000 0.009276340 -0.031611074 0.131990716 0.082552925 -0.098295793 -0.162444562 0.978332639
15.266667 0.008923267 -0.031621598 0.131856248 0.081971481 -0.097410947 -0.162298620 0.978494287
15.333333 0.005575930 -0.027149716 0.128262907 0.089761361 -0.085972466 -0.158631340 0.979483426
15.400000 0.003618845 -0.023114009 0.125785619 0.094988905 -0.079290681 -0.158442527 0.979584634
15.466667 0.003619858 -0.022901632 0.127740115 0.096046217 -0.078862421 -0.154483944 0.980148256
15.533333 0.004776064 -0.024711652 0.128983513 0.093881257 -0.081032388 -0.156591251 0.979846597
15.600000 0.003773876 -0.026909404 0.128591359 0.088693008 -0.080180891 -0.160450101 0.979775667
15.666667 0.002997096 -0.025949115 0.129563019 0.094390273 -0.078351840 -0.163288534 0.978922069
15.733333 0.003287754 -0.025028745 0.129595041 0.099075720 -0.078700274 -0.166784465 0.977841079
15.800000 0.003241641 -0.022442788 0.130782560 0.107780799 -0.077596836 -0.168691784 0.976680696
15.866667 0.003322857 -0.022222122 0.130218998 0.106947854 -0.078343473 -0.171745896 0.976180196
15.933333 0.002573207 -0.021779276 0.131652817 0.108887911 -0.075207837 -0.173482135 0.975905299
16.000000 0.002646888 -0.021919647 0.131853670 0.108381607 -0.075564399 -0.173220426 0.975980639
16.066667 0.003486047 -0.020327969 0.132908911 0.115330696 -0.077345848 -0.173707396 0.974957526
16.133333 0.001344761 -0.022330726 0.133925781 0.112550996 -0.072155528 -0.175006658 0.975447893
16.200000 -0.000548273 -0.024001017 0.133261621 0.106930196 -0.067102380 -0.178484678 0.975810647
16.266667 -0.000696877 -0.025182584 0.134339571 0.103704214 -0.065074332 -0.181339264 0.975769877
16.333333 -0.001753824 -0.025349595 0.134066731 0.101511464 -0.061760776 -0.183589771 0.975794971
16.400000 -0.001824781 -0.025603976 0.133974671 0.099596851 -0.060800496 -0.185327232 0.975724161
16.466667 -0.001998978 -0.025651282 0.134338111 0.098568633 -0.060989272 -0.184922740 0.975893497
16.533333 -0.001382052 -0.024877219 0.134923697 0.101636320 -0.062433027 -0.186865479 0.975117147
16.600000 -0.001776609 -0.024780415 0.134500563 0.101015724 -0.061100602 -0.186601549 0.975316584
16.666667 -0.001189090 -0.024012666 0.135624886 0.104685128 -0.061685156 -0.186357707 0.974939406
16.733333 -0.001760539 -0.025778532 0.135176882 0.100738429 -0.062509246 -0.183037624 0.975931168
16.800000 -0.003013092 -0.022778397 0.136137903 0.111416698 -0.058241531 -0.186249778 0.974425614
16.866667 -0.004726852 -0.018802816 0.137378514 0.123356238 -0.051414654 -0.188776225 0.972883999
16.933333 -0.004279030 -0.015922356 0.135473415 0.125429600 -0.051047586 -0.186978668 0.972985387
17.000000 -0.003494767 -0.013548478 0.132621139 0.125211999 -0.051573362 -0.186407402 0.973095298
17.066667 -0.003145123 -0.011733704 0.130938426 0.124271445 -0.051157415 -0.191402569 0.972267747
17.133333 -0.003079192 -0.010010199 0.130070627 0.123382717 -0.049447939 -0.198128596 0.971121371
17.200000 -0.002648447 -0.008279168 0.128839597 0.119396947 -0.046937238 -0.203248948 0.970685899
17.266667 -0.003485608 -0.007787946 0.127697602 0.114746280 -0.043533415 -0.206464425 0.970726848
17.333333 -0.003455910 -0.008272636 0.128015518 0.110198416 -0.045529049 -0.207855344 0.970865428
17.400000 -0.004440024 -0.009513479 0.128612533 0.104193673 -0.045781501 -0.209392563 0.971186161
17.466667 -0.003453521 -0.010089563 0.130362630 0.104039498 -0.049523927 -0.211582229 0.970544219
17.533333 -0.003590131 -0.011489622 0.130531445 0.102389380 -0.050839245 -0.210427970 0.970902622
17.600000 -0.002333586 -0.015086853 0.130597636 0.093540907 -0.059149127 -0.206102535 0.972251654
17.666667 -0.001460928 -0.016838368 0.130874947 0.088577889 -0.065523282 -0.202176169 0.973131776
17.733333 -0.002516745 -0.020589620 0.130173400 0.075917214 -0.068230055 -0.200881734 0.974283218
17.800000 -0.002256496 -0.022891698 0.130177051 0.068754300 -0.073747471 -0.198654592 0.974869490
17.866667 -0.000856563 -0.021112813 0.128950745 0.074207179 -0.079901822 -0.200451761 0.973616004
17.933333 0.001954866 -0.016914634 0.126839116 0.082774520 -0.088849284 -0.204613194 0.971281469
18.000000 0.004419139 -0.012709031 0.126434579 0.087560751 -0.096125014 -0.209581509 0.969107151
18.066667 0.006578782 -0.013775485 0.127100497 0.080892213 -0.102809913 -0.212492824 0.968366385
18.133333 0.006989401 -0.014956006 0.125663847 0.074343622 -0.103592306 -0.213284552 0.968633771
18.200000 0.007092319 -0.015358383 0.124229915 0.071734034 -0.106518202 -0.212193608 0.968752861
18.266667 0.007150593 -0.018001009 0.127280161 0.063398257 -0.111414462 -0.208304211 0.969627202
18.333333 0.007159857 -0.020431258 0.127958104 0.055681460 -0.114823587 -0.203562185 0.970709860
18.400000 0.008680595 -0.020139540 0.128816277 0.057835627 -0.120975338 -0.200618997 0.970449388
18.466667 0.009068105 -0.021053746 0.128480956 0.054972231 -0.123241067 -0.199128821 0.970637739
18.533333 0.009590566 -0.020030754 0.128826961 0.057579741 -0.123622999 -0.200142339 0.970229328
18.600000 0.009339054 -0.020356918 0.128516689 0.056199607 -0.122890525 -0.200276658 0.970375597
18.666667 0.008911485 -0.020590775 0.128424302 0.055603512 -0.122001439 -0.199611440 0.970659196
18.733333 0.008647139 -0.020595975 0.129084200 0.055908419 -0.122132711 -0.196305782 0.971299052
18.800000 0.013349418 -0.015263765 0.130632266 0.079839371 -0.140995875 -0.195099428 0.967306614
18.866667 0.018066408 -0.012441320 0.133107826 0.096411809 -0.160218731 -0.187990099 0.964206636
18.933333 0.022277046 -0.008649796 0.133459732 0.112899043 -0.173596099 -0.183543891 0.960952640
19.000000 0.025058586 -0.007677375 0.136969969 0.120727941 -0.188638330 -0.190037057 0.955890298
19.066667 0.027541220 -0.007552334 0.137236685 0.122716300 -0.197918862 -0.194332093 0.952892363
19.133333 0.027406354 -0.006692389 0.137839496 0.125221565 -0.198024929 -0.192562833 0.952903628
19.200000 0.026852662 -0.005438908 0.137793154 0.128474072 -0.196136743 -0.188429147 0.953687191
19.266667 0.024826037 -0.001244333 0.138523564 0.143759087 -0.184915930 -0.196726322 0.952070475
