0.000000 0.000000000 0.000000000 0.000000000 -0.000000000 -0.000000000 -0.000000000 1.000000000
0.066667 -0.000776645 0.000087874 0.000627842 0.000105118 -0.000240257 -0.000353774 0.999999940
0.133333 0.041909453 0.017295264 0.031572197 0.017242005 -0.012572024 -0.008419276 0.999736845
0.200000 0.098291032 0.011162091 0.028560720 0.021695077 -0.027056070 -0.007094050 0.999373317
0.266667 0.121092983 0.005415755 0.030453792 0.020647407 -0.030218510 -0.009580355 0.999284148
0.333333 0.078171775 0.000674038 0.047359426 0.020488953 -0.022996115 -0.007630430 0.999496460
0.400000 0.109028481 -0.009359576 0.144032300 0.021703465 -0.025120363 -0.008116842 0.999415874
0.466667 0.114588462 -0.003161031 0.206828624 0.023176871 -0.022465575 -0.008188738 0.999445438
0.533333 0.126721978 -0.010479283 0.252610564 0.021311553 -0.023203459 -0.009596610 0.999457538
0.600000 0.132563367 -0.013252036 0.297998130 0.021759225 -0.023371013 -0.008914353 0.999450266
0.666667 0.131446794 -0.017483631 0.318747014 0.022178633 -0.026031418 -0.010709560 0.999357700
0.733333 0.125214666 -0.018492311 0.329036832 0.024598693 -0.026457487 -0.009779134 0.999299407
0.800000 0.120556697 -0.028438423 0.340084225 0.024465896 -0.030327165 -0.011490448 0.999174476
0.866667 0.110355623 -0.036060456 0.349790245 0.026125293 -0.030481722 -0.010679441 0.999136806
0.933333 0.111168437 -0.052588437 0.349819839 0.023054894 -0.033212628 -0.014077589 0.999083221
1.000000 0.113322519 -0.064583831 0.370802104 0.022572774 -0.032517746 -0.015094323 0.999102235
1.066667 0.116963528 -0.062009607 0.443655461 0.026069876 -0.031045584 -0.017130163 0.999031067
1.133333 0.118443601 -0.069204032 0.503782690 0.025218932 -0.032024153 -0.027289459 0.998796165
1.200000 0.111389726 -0.071519770 0.526056647 0.026421718 -0.030062180 -0.026653491 0.998843253
1.266667 0.112936981 -0.073938236 0.525125444 0.026373629 -0.027522318 -0.025477411 0.998948395
1.333333 0.107258245 -0.072091185 0.527293324 0.028218877 -0.019022496 -0.024902526 0.999110460
1.400000 0.101833440 -0.076146074 0.533085346 0.030677807 -0.016523594 -0.026632648 0.999037802
1.466667 0.097822912 -0.081536293 0.539717197 0.032938648 -0.018009666 -0.033600256 0.998730063
1.533333 0.093179464 -0.080895707 0.573245704 0.033190124 -0.011843193 -0.036660701 0.998706281
1.600000 0.081425652 -0.088256046 0.592956066 0.028152408 -0.003882180 -0.040193468 0.998787701
1.666667 0.081940733 -0.089853540 0.598814011 0.026430339 -0.003271074 -0.036128066 0.998992264
1.733333 0.075470015 -0.093048111 0.602083087 0.028820897 0.001908147 -0.026550690 0.999230087
1.800000 0.056259416 -0.078527711 0.628757894 0.030164262 0.020912893 -0.049895048 0.998079836
1.800000 0.056259416 -0.078527711 0.628757894 0.030164262 0.020912893 -0.049895048 0.998079836
1.800000 0.056259416 -0.078527711 0.628757894 0.030164262 0.020912893 -0.049895048 0.998079836
10.066667 0.000000000 0.000000000 0.000000000 -0.000000000 -0.000000000 -0.000000000 1.000000000
10.133333 0.113512978 -0.123046808 0.092587799 -0.025449032 -0.014314080 -0.003848689 0.999566257
10.200000 0.168113664 -0.179017305 0.182671130 -0.045280240 -0.021377182 -0.010069867 0.998694777
10.266667 0.178877980 -0.151659518 0.260627955 -0.050731469 -0.020775614 -0.014996218 0.998383641
10.333333 0.188786969 -0.135314450 0.308630824 -0.054517709 -0.020281011 -0.021279451 0.998080015
10.400000 0.201995686 -0.095811933 0.374116153 -0.059324320 -0.019809647 -0.026571034 0.997688413
10.466667 0.199012950 -0.080952697 0.398629576 -0.068920255 -0.019145001 -0.034313243 0.996848106
10.533333 0.196060583 -0.070309609 0.402941078 -0.073253579 -0.019370688 -0.033325553 0.996568143
10.600000 0.202719375 -0.072280392 0.414860249 -0.078409940 -0.022572098 -0.035493657 0.996033430
10.666667 0.201893508 -0.069231026 0.425493181 -0.081003487 -0.025714215 -0.035550416 0.995747685
10.733333 0.202541739 -0.069142841 0.424424171 -0.082482286 -0.026238255 -0.037447605 0.995543063
10.800000 0.201893926 -0.070462182 0.424916029 -0.084007204 -0.026936686 -0.037283849 0.995402992
10.866667 0.203812495 -0.071327195 0.423506349 -0.082429640 -0.027432218 -0.037019357 0.995531261
10.933333 0.205259040 -0.074184112 0.422046542 -0.081765272 -0.028732970 -0.036319178 0.995575130
11.000000 0.204092517 -0.077613875 0.429039150 -0.081645504 -0.033398740 -0.031243106 0.995611608
11.066667 0.208086595 -0.082638845 0.427682728 -0.088567950 -0.037658650 -0.034886498 0.994746447
11.133333 0.207665160 -0.087841265 0.427648902 -0.095102154 -0.040843740 -0.030616557 0.994157910
11.200000 0.197839677 -0.085061282 0.436206698 -0.091967747 -0.040847659 -0.018308280 0.994755387
11.266667 0.199033499 -0.089777119 0.430913210 -0.091699131 -0.045529123 -0.014455902 0.994640350
11.333333 0.192271307 -0.090847827 0.432297319 -0.094253302 -0.049975500 -0.019885568 0.994094253
11.400000 0.192887723 -0.081845269 0.437703401 -0.102039233 -0.052765008 -0.033779591 0.992805600
11.400000 0.192887723 -0.081845269 0.437703401 -0.102039233 -0.052765008 -0.033779591 0.992805600
11.400000 0.192887723 -0.081845269 0.437703401 -0.102039233 -0.052765008 -0.033779591 0.992805600
11.400000 0.192887723 -0.081845269 0.437703401 -0.102039233 -0.052765008 -0.033779591 0.992805600
11.400000 0.192887723 -0.081845269 0.437703401 -0.102039233 -0.052765008 -0.033779591 0.992805600
11.400000 0.192887723 -0.081845269 0.437703401 -0.102039233 -0.052765008 -0.033779591 0.992805600
11.400000 0.192887723 -0.081845269 0.437703401 -0.102039233 -0.052765008 -0.033779591 0.992805600
11.400000 0.192887723 -0.081845269 0.437703401 -0.102039233 -0.052765008 -0.033779591 0.992805600
11.400000 0.192887723 -0.081845269 0.437703401 -0.102039233 -0.052765008 -0.033779591 0.992805600
11.400000 0.192887723 -0.081845269 0.437703401 -0.102039233 -0.052765008 -0.033779591 0.992805600
11.400000 0.192887723 -0.081845269 0.437703401 -0.102039233 -0.052765008 -0.033779591 0.992805600
11.400000 0.192887723 -0.081845269 0.437703401 -0.102039233 -0.052765008 -0.033779591 0.992805600
11.400000 0.192887723 -0.081845269 0.437703401 -0.102039233 -0.052765008 -0.033779591 0.992805600
11.400000 0.192887723 -0.081845269 0.437703401 -0.102039233 -0.052765008 -0.033779591 0.992805600
11.400000 0.192887723 -0.081845269 0.437703401 -0.102039233 -0.052765008 -0.033779591 0.992805600
11.400000 0.192887723 -0.081845269 0.437703401 -0.102039233 -0.052765008 -0.033779591 0.992805600
11.400000 0.192887723 -0.081845269 0.437703401 -0.102039233 -0.052765008 -0.033779591 0.992805600
11.400000 0.192887723 -0.081845269 0.437703401 -0.102039233 -0.052765008 -0.033779591 0.992805600
11.400000 0.192887723 -0.081845269 0.437703401 -0.102039233 -0.052765008 -0.033779591 0.992805600
11.400000 0.192887723 -0.081845269 0.437703401 -0.102039233 -0.052765008 -0.033779591 0.992805600
11.400000 0.192887723 -0.081845269 0.437703401 -0.102039233 -0.052765008 -0.033779591 0.992805600
11.400000 0.192887723 -0.081845269 0.437703401 -0.102039233 -0.052765008 -0.033779591 0.992805600
11.400000 0.192887723 -0.081845269 0.437703401 -0.102039233 -0.052765008 -0.033779591 0.992805600
11.400000 0.192887723 -0.081845269 0.437703401 -0.102039233 -0.052765008 -0.033779591 0.992805600
11.400000 0.192887723 -0.081845269 0.437703401 -0.102039233 -0.052765008 -0.033779591 0.992805600
11.400000 0.192887723 -0.081845269 0.437703401 -0.102039233 -0.052765008 -0.033779591 0.992805600
11.400000 0.192887723 -0.081845269 0.437703401 -0.102039233 -0.052765008 -0.033779591 0.992805600
11.400000 0.192887723 -0.081845269 0.437703401 -0.102039233 -0.052765008 -0.033779591 0.992805600
11.400000 0.192887723 -0.081845269 0.437703401 -0.102039233 -0.052765008 -0.033779591 0.992805600
11.400000 0.192887723 -0.081845269 0.437703401 -0.102039233 -0.052765008 -0.033779591 0.992805600
11.400000 0.192887723 -0.081845269 0.437703401 -0.102039233 -0.052765008 -0.033779591 0.992805600
11.400000 0.192887723 -0.081845269 0.437703401 -0.102039233 -0.052765008 -0.033779591 0.992805600
11.400000 0.192887723 -0.081845269 0.437703401 -0.102039233 -0.052765008 -0.033779591 0.992805600
11.400000 0.192887723 -0.081845269 0.437703401 -0.102039233 -0.052765008 -0.033779591 0.992805600
11.400000 0.192887723 -0.081845269 0.437703401 -0.102039233 -0.052765008 -0.033779591 0.992805600
11.400000 0.192887723 -0.081845269 0.437703401 -0.102039233 -0.052765008 -0.033779591 0.992805600
11.400000 0.192887723 -0.081845269 0.437703401 -0.102039233 -0.052765008 -0.033779591 0.992805600
11.400000 0.192887723 -0.081845269 0.437703401 -0.102039233 -0.052765008 -0.033779591 0.992805600
11.400000 0.192887723 -0.081845269 0.437703401 -0.102039233 -0.052765008 -0.033779591 0.992805600
11.400000 0.192887723 -0.081845269 0.437703401 -0.102039233 -0.052765008 -0.033779591 0.992805600
11.400000 0.192887723 -0.081845269 0.437703401 -0.102039233 -0.052765008 -0.033779591 0.992805600
11.400000 0.192887723 -0.081845269 0.437703401 -0.102039233 -0.052765008 -0.033779591 0.992805600
11.400000 0.192887723 -0.081845269 0.437703401 -0.102039233 -0.052765008 -0.033779591 0.992805600
11.400000 0.192887723 -0.081845269 0.437703401 -0.102039233 -0.052765008 -0.033779591 0.992805600
11.400000 0.192887723 -0.081845269 0.437703401 -0.102039233 -0.052765008 -0.033779591 0.992805600
11.400000 0.192887723 -0.081845269 0.437703401 -0.102039233 -0.052765008 -0.033779591 0.992805600
14.533333 0.000000000 0.000000000 0.000000000 -0.000000000 -0.000000000 -0.000000000 1.000000000
14.600000 -0.006525412 -0.005808843 0.021410692 -0.000120349 0.001411331 0.000255928 0.999998987
14.666667 0.083491959 0.031475171 -0.049403634 0.020201070 -0.012587286 -0.011188218 0.999654114
14.733333 0.109457813 0.047553264 -0.072530791 0.032612763 -0.016845278 -0.008733789 0.999287903
14.800000 0.127926856 0.056974921 -0.090047464 0.042723589 -0.018049208 -0.009025736 0.998883128
14.866667 0.130711660 0.053986121 -0.085389666 0.047017541 -0.016696420 -0.011138052 0.998692393
14.933333 0.119448185 0.047071788 -0.071458116 0.049985185 -0.013178521 -0.012324314 0.998587012
15.000000 0.121833824 0.039416686 -0.071751893 0.054397959 -0.010411505 -0.013344517 0.998375893
15.066667 0.135530293 0.026276924 -0.088129170 0.045073330 -0.010353111 -0.016102530 0.998800278
15.133333 0.141258240 0.019443328 -0.099062003 0.039536078 -0.009764655 -0.017777165 0.999012291
15.200000 0.145202830 0.020387001 -0.094569355 0.028736031 -0.012177793 -0.013887561 0.999416351
15.266667 0.139201283 0.021319751 -0.093521044 0.020915207 -0.010184946 -0.017317181 0.999579430
15.333333 0.143083319 0.023172293 -0.130565047 0.008554367 -0.011851455 -0.021352537 0.999665201
15.400000 0.147856221 0.015526545 -0.163176954 -0.011175283 -0.019517962 -0.034171738 0.999162912
15.466667 0.136501566 0.019543426 -0.150113910 -0.020756200 -0.012841360 -0.050480783 0.998426735
15.533333 0.145208627 0.023578160 -0.163783252 -0.031547718 -0.015279603 -0.053643573 0.997944713
15.600000 0.157710895 0.026844390 -0.180721477 -0.035654563 -0.020719340 -0.053768229 0.997701585
15.666667 0.144700214 0.011089263 -0.124237053 -0.015079732 -0.019271679 -0.030839410 0.999224782
15.666667 0.144700214 0.011089263 -0.124237053 -0.015079732 -0.019271679 -0.030839410 0.999224782
15.666667 0.144700214 0.011089263 -0.124237053 -0.015079732 -0.019271679 -0.030839410 0.999224782
15.666667 0.144700214 0.011089263 -0.124237053 -0.015079732 -0.019271679 -0.030839410 0.999224782
15.666667 0.144700214 0.011089263 -0.124237053 -0.015079732 -0.019271679 -0.030839410 0.999224782
15.666667 0.144700214 0.011089263 -0.124237053 -0.015079732 -0.019271679 -0.030839410 0.999224782
15.666667 0.144700214 0.011089263 -0.124237053 -0.015079732 -0.019271679 -0.030839410 0.999224782
15.666667 0.144700214 0.011089263 -0.124237053 -0.015079732 -0.019271679 -0.030839410 0.999224782
15.666667 0.144700214 0.011089263 -0.124237053 -0.015079732 -0.019271679 -0.030839410 0.999224782
15.666667 0.144700214 0.011089263 -0.124237053 -0.015079732 -0.019271679 -0.030839410 0.999224782
15.666667 0.144700214 0.011089263 -0.124237053 -0.015079732 -0.019271679 -0.030839410 0.999224782
15.666667 0.144700214 0.011089263 -0.124237053 -0.015079732 -0.019271679 -0.030839410 0.999224782
15.666667 0.144700214 0.011089263 -0.124237053 -0.015079732 -0.019271679 -0.030839410 0.999224782
15.666667 0.144700214 0.011089263 -0.124237053 -0.015079732 -0.019271679 -0.030839410 0.999224782
15.666667 0.144700214 0.011089263 -0.124237053 -0.015079732 -0.019271679 -0.030839410 0.999224782
15.666667 0.144700214 0.011089263 -0.124237053 -0.015079732 -0.019271679 -0.030839410 0.999224782
15.666667 0.144700214 0.011089263 -0.124237053 -0.015079732 -0.019271679 -0.030839410 0.999224782
15.666667 0.144700214 0.011089263 -0.124237053 -0.015079732 -0.019271679 -0.030839410 0.999224782
15.666667 0.144700214 0.011089263 -0.124237053 -0.015079732 -0.019271679 -0.030839410 0.999224782
15.666667 0.144700214 0.011089263 -0.124237053 -0.015079732 -0.019271679 -0.030839410 0.999224782
15.666667 0.144700214 0.011089263 -0.124237053 -0.015079732 -0.019271679 -0.030839410 0.999224782
15.666667 0.144700214 0.011089263 -0.124237053 -0.015079732 -0.019271679 -0.030839410 0.999224782
15.666667 0.144700214 0.011089263 -0.124237053 -0.015079732 -0.019271679 -0.030839410 0.999224782
15.666667 0.144700214 0.011089263 -0.124237053 -0.015079732 -0.019271679 -0.030839410 0.999224782
15.666667 0.144700214 0.011089263 -0.124237053 -0.015079732 -0.019271679 -0.030839410 0.999224782
15.666667 0.144700214 0.011089263 -0.124237053 -0.015079732 -0.019271679 -0.030839410 0.999224782
15.666667 0.144700214 0.011089263 -0.124237053 -0.015079732 -0.019271679 -0.030839410 0.999224782
15.666667 0.144700214 0.011089263 -0.124237053 -0.015079732 -0.019271679 -0.030839410 0.999224782
15.666667 0.144700214 0.011089263 -0.124237053 -0.015079732 -0.019271679 -0.030839410 0.999224782
15.666667 0.144700214 0.011089263 -0.124237053 -0.015079732 -0.019271679 -0.030839410 0.999224782
15.666667 0.144700214 0.011089263 -0.124237053 -0.015079732 -0.019271679 -0.030839410 0.999224782
15.666667 0.144700214 0.011089263 -0.124237053 -0.015079732 -0.019271679 -0.030839410 0.999224782
15.666667 0.144700214 0.011089263 -0.124237053 -0.015079732 -0.019271679 -0.030839410 0.999224782
15.666667 0.144700214 0.011089263 -0.124237053 -0.015079732 -0.019271679 -0.030839410 0.999224782
15.666667 0.144700214 0.011089263 -0.124237053 -0.015079732 -0.019271679 -0.030839410 0.999224782
15.666667 0.144700214 0.011089263 -0.124237053 -0.015079732 -0.019271679 -0.030839410 0.999224782
15.666667 0.144700214 0.011089263 -0.124237053 -0.015079732 -0.019271679 -0.030839410 0.999224782
15.666667 0.144700214 0.011089263 -0.124237053 -0.015079732 -0.019271679 -0.030839410 0.999224782
15.666667 0.144700214 0.011089263 -0.124237053 -0.015079732 -0.019271679 -0.030839410 0.999224782
15.666667 0.144700214 0.011089263 -0.124237053 -0.015079732 -0.019271679 -0.030839410 0.999224782
15.666667 0.144700214 0.011089263 -0.124237053 -0.015079732 -0.019271679 -0.030839410 0.999224782
15.666667 0.144700214 0.011089263 -0.124237053 -0.015079732 -0.019271679 -0.030839410 0.999224782
15.666667 0.144700214 0.011089263 -0.124237053 -0.015079732 -0.019271679 -0.030839410 0.999224782
15.666667 0.144700214 0.011089263 -0.124237053 -0.015079732 -0.019271679 -0.030839410 0.999224782
15.666667 0.144700214 0.011089263 -0.124237053 -0.015079732 -0.019271679 -0.030839410 0.999224782
15.666667 0.144700214 0.011089263 -0.124237053 -0.015079732 -0.019271679 -0.030839410 0.999224782
18.800000 0.000000000 0.000000000 0.000000000 -0.000000000 -0.000000000 -0.000000000 1.000000000
18.866667 -0.011808841 -0.006191532 0.015277761 -0.000378248 0.001761981 0.000762257 0.999998093
18.933333 0.012388495 0.001124114 -0.017123051 0.000666391 -0.000916393 -0.001726477 0.999997914
2.066667 0.000000000 0.000000000 0.000000000 -0.000000000 -0.000000000 -0.000000000 1.000000000
2.133333 0.001709769 0.007112777 0.038889948 -0.000970313 -0.001536002 -0.006858063 0.999974847
2.200000 0.006759556 0.030426649 0.083908312 -0.001897154 -0.000830673 -0.009014640 0.999957204
2.266667 0.031276789 0.060128681 0.220175192 -0.003127136 -0.001325828 -0.015939614 0.999867201
2.333333 0.015085011 0.106360480 0.408717573 -0.005539463 -0.007214597 -0.023748506 0.999676585
2.400000 0.002896010 0.127114430 0.614328384 -0.011011378 -0.006288553 -0.027488915 0.999541700
2.466667 0.025921898 0.176844656 0.734605193 -0.009610539 -0.005499235 -0.031898633 0.999429822
2.533333 0.035666272 0.184071600 0.768537998 -0.012085951 -0.004560774 -0.035975598 0.999269187
2.600000 0.030285329 0.197543100 0.842414081 -0.016694212 -0.005590518 -0.046789050 0.998749673
2.666667 0.024576968 0.214227617 0.892243028 -0.017652377 -0.006033483 -0.045020279 0.998811901
2.733333 0.000312701 0.226561338 0.945265770 -0.025239119 -0.002886761 -0.043284144 0.998739779
2.800000 -0.005732711 0.249369398 0.985951304 -0.027095383 -0.001964847 -0.036878187 0.998950481
2.866667 -0.008862209 0.258752763 1.055820584 -0.033443879 -0.003743581 -0.034974616 0.998821497
2.933333 -0.014082781 0.278447896 1.141445398 -0.039123181 -0.003537050 -0.031572033 0.998729229
3.000000 -0.011992203 0.281580687 1.198713541 -0.037983242 -0.009030393 -0.035938557 0.998591125
3.066667 -0.012021736 0.282688409 1.200377345 -0.037529752 -0.009942150 -0.035035472 0.998631716
3.133333 -0.015086220 0.284126371 1.201881409 -0.037211206 -0.009090750 -0.033310980 0.998710752
3.200000 -0.020450639 0.286488026 1.199315786 -0.036610454 -0.007120296 -0.032789212 0.998766184
3.266667 -0.019909194 0.283580631 1.198161483 -0.035449162 -0.007260646 -0.029669227 0.998904645
3.333333 -0.020962292 0.283545762 1.198415041 -0.036261138 -0.007302576 -0.029776555 0.998871982
3.400000 -0.018915739 0.284706861 1.197309136 -0.035001270 -0.008516980 -0.027575213 0.998970449
3.466667 -0.019837687 0.284573525 1.196856022 -0.034514982 -0.007835647 -0.024145538 0.999081731
3.533333 -0.024307357 0.285187989 1.196956277 -0.034273244 -0.006790622 -0.022566261 0.999134600
3.600000 -0.027955910 0.285282552 1.196300268 -0.033619300 -0.005634860 -0.019736366 0.999223948
3.666667 -0.028285021 0.286965072 1.193962812 -0.032350749 -0.006625058 -0.017181264 0.999306977
3.733333 -0.026298311 0.284601659 1.196295977 -0.033088889 -0.006851912 -0.017218789 0.999280572
3.800000 -0.024739981 0.288814068 1.194315076 -0.031712398 -0.007061413 -0.015275745 0.999355376
3.866667 -0.025296103 0.288717389 1.195261359 -0.031037308 -0.007373913 -0.014424985 0.999386966
3.933333 -0.023643911 0.288477033 1.193677664 -0.028487124 -0.011081109 -0.013308488 0.999444187
4.000000 -0.029406248 0.284829706 1.206266880 -0.021537926 -0.019754341 -0.014197287 0.999472022
4.066667 -0.034070991 0.283294648 1.272574067 -0.024358664 -0.027123699 -0.015355872 0.999217272
4.133333 -0.053081226 0.287306458 1.293309927 -0.026039204 -0.024258910 -0.012591570 0.999287188
4.200000 -0.055707704 0.293573350 1.293498635 -0.020707194 -0.025062907 -0.007932105 0.999439955
4.266667 -0.052827228 0.292340487 1.322344422 -0.020722909 -0.030559205 -0.007763171 0.999288023
4.333333 -0.053764604 0.297692150 1.336803436 -0.020726310 -0.031316232 -0.002565228 0.999291301
4.400000 -0.064434722 0.300550550 1.376530170 -0.023514166 -0.029577075 -0.006494595 0.999264777
4.466667 -0.085681967 0.302324235 1.426820397 -0.018962122 -0.028921796 -0.015477404 0.999281943
4.533333 -0.090063334 0.295018315 1.455279827 -0.016982015 -0.031395208 -0.018800804 0.999185920
4.600000 -0.106571220 0.292071998 1.501785517 -0.015323276 -0.030711671 -0.019094555 0.999228418
4.666667 -0.104702301 0.289817095 1.504879713 -0.014567827 -0.032991949 -0.019954186 0.999150217
4.733333 -0.108928524 0.286594778 1.511440992 -0.016001394 -0.032520596 -0.019493619 0.999152839
4.800000 -0.114562072 0.285946190 1.519322276 -0.014236450 -0.032271605 -0.022381313 0.999127090
4.866667 -0.116360173 0.285381347 1.522832990 -0.013696007 -0.032877631 -0.022906417 0.999103010
4.933333 -0.117491819 0.281106889 1.538300872 -0.017243125 -0.033846542 -0.023695624 0.998997331
5.000000 -0.117190503 0.281021774 1.574773908 -0.024927158 -0.033221975 -0.019773444 0.998941422
5.066667 -0.121355981 0.289231032 1.595073581 -0.039217759 -0.030457489 -0.025802869 0.998433113
5.133333 -0.117337622 0.280693591 1.597152829 -0.057044785 -0.031844117 -0.024655817 0.997559011
5.200000 -0.122743599 0.283594936 1.608890176 -0.061686512 -0.031918533 -0.018009027 0.997422516
5.266667 -0.109270804 0.295236021 1.571607232 -0.086901553 -0.037412353 0.024280602 0.995218039
5.333333 -0.114098936 0.286548257 1.555086017 -0.095557384 -0.034934707 0.037017897 0.994121730
5.400000 -0.105022423 0.271488756 1.561438441 -0.103322878 -0.038428422 0.052226394 0.992532194
5.466667 -0.120298088 0.272410125 1.578161478 -0.104055688 -0.034470934 0.060267664 0.992145181
5.533333 -0.122919485 0.276824445 1.585498214 -0.102291778 -0.031309791 0.052538823 0.992872477
5.600000 -0.122722909 0.281689018 1.615290046 -0.097799741 -0.033822853 0.037553895 0.993922055
5.666667 -0.118201308 0.282376230 1.631995320 -0.096870199 -0.037025332 0.028835693 0.994190037
5.733333 -0.120722868 0.279474586 1.622269869 -0.096091382 -0.035515796 0.021088168 0.994515181
5.800000 -0.126509935 0.269857585 1.616070867 -0.099766053 -0.041696660 0.018409843 0.993966401
5.866667 -0.128472805 0.254378408 1.642478704 -0.107921422 -0.046061452 0.009576395 0.993045688
5.933333 -0.130025446 0.264745176 1.644842982 -0.095587574 -0.055619806 0.009588685 0.993819654
5.933333 -0.130025446 0.264745176 1.644842982 -0.095587574 -0.055619806 0.009588685 0.993819654
5.933333 -0.130025446 0.264745176 1.644842982 -0.095587574 -0.055619806 0.009588685 0.993819654
5.933333 -0.130025446 0.264745176 1.644842982 -0.095587574 -0.055619806 0.009588685 0.993819654
5.933333 -0.130025446 0.264745176 1.644842982 -0.095587574 -0.055619806 0.009588685 0.993819654
5.933333 -0.130025446 0.264745176 1.644842982 -0.095587574 -0.055619806 0.009588685 0.993819654
5.933333 -0.130025446 0.264745176 1.644842982 -0.095587574 -0.055619806 0.009588685 0.993819654
5.933333 -0.130025446 0.264745176 1.644842982 -0.095587574 -0.055619806 0.009588685 0.993819654
5.933333 -0.130025446 0.264745176 1.644842982 -0.095587574 -0.055619806 0.009588685 0.993819654
5.933333 -0.130025446 0.264745176 1.644842982 -0.095587574 -0.055619806 0.009588685 0.993819654
5.933333 -0.130025446 0.264745176 1.644842982 -0.095587574 -0.055619806 0.009588685 0.993819654
5.933333 -0.130025446 0.264745176 1.644842982 -0.095587574 -0.055619806 0.009588685 0.993819654
5.933333 -0.130025446 0.264745176 1.644842982 -0.095587574 -0.055619806 0.009588685 0.993819654
5.933333 -0.130025446 0.264745176 1.644842982 -0.095587574 -0.055619806 0.009588685 0.993819654
5.933333 -0.130025446 0.264745176 1.644842982 -0.095587574 -0.055619806 0.009588685 0.993819654
5.933333 -0.130025446 0.264745176 1.644842982 -0.095587574 -0.055619806 0.009588685 0.993819654
5.933333 -0.130025446 0.264745176 1.644842982 -0.095587574 -0.055619806 0.009588685 0.993819654
5.933333 -0.130025446 0.264745176 1.644842982 -0.095587574 -0.055619806 0.009588685 0.993819654
5.933333 -0.130025446 0.264745176 1.644842982 -0.095587574 -0.055619806 0.009588685 0.993819654
5.933333 -0.130025446 0.264745176 1.644842982 -0.095587574 -0.055619806 0.009588685 0.993819654
5.933333 -0.130025446 0.264745176 1.644842982 -0.095587574 -0.055619806 0.009588685 0.993819654
5.933333 -0.130025446 0.264745176 1.644842982 -0.095587574 -0.055619806 0.009588685 0.993819654
5.933333 -0.130025446 0.264745176 1.644842982 -0.095587574 -0.055619806 0.009588685 0.993819654
5.933333 -0.130025446 0.264745176 1.644842982 -0.095587574 -0.055619806 0.009588685 0.993819654
5.933333 -0.130025446 0.264745176 1.644842982 -0.095587574 -0.055619806 0.009588685 0.993819654
5.933333 -0.130025446 0.264745176 1.644842982 -0.095587574 -0.055619806 0.009588685 0.993819654
5.933333 -0.130025446 0.264745176 1.644842982 -0.095587574 -0.055619806 0.009588685 0.993819654
5.933333 -0.130025446 0.264745176 1.644842982 -0.095587574 -0.055619806 0.009588685 0.993819654
5.933333 -0.130025446 0.264745176 1.644842982 -0.095587574 -0.055619806 0.009588685 0.993819654
5.933333 -0.130025446 0.264745176 1.644842982 -0.095587574 -0.055619806 0.009588685 0.993819654
5.933333 -0.130025446 0.264745176 1.644842982 -0.095587574 -0.055619806 0.009588685 0.993819654
5.933333 -0.130025446 0.264745176 1.644842982 -0.095587574 -0.055619806 0.009588685 0.993819654
5.933333 -0.130025446 0.264745176 1.644842982 -0.095587574 -0.055619806 0.009588685 0.993819654
5.933333 -0.130025446 0.264745176 1.644842982 -0.095587574 -0.055619806 0.009588685 0.993819654
5.933333 -0.130025446 0.264745176 1.644842982 -0.095587574 -0.055619806 0.009588685 0.993819654
5.933333 -0.130025446 0.264745176 1.644842982 -0.095587574 -0.055619806 0.009588685 0.993819654
5.933333 -0.130025446 0.264745176 1.644842982 -0.095587574 -0.055619806 0.009588685 0.993819654
5.933333 -0.130025446 0.264745176 1.644842982 -0.095587574 -0.055619806 0.009588685 0.993819654
5.933333 -0.130025446 0.264745176 1.644842982 -0.095587574 -0.055619806 0.009588685 0.993819654
5.933333 -0.130025446 0.264745176 1.644842982 -0.095587574 -0.055619806 0.009588685 0.993819654
5.933333 -0.130025446 0.264745176 1.644842982 -0.095587574 -0.055619806 0.009588685 0.993819654
5.933333 -0.130025446 0.264745176 1.644842982 -0.095587574 -0.055619806 0.009588685 0.993819654
5.933333 -0.130025446 0.264745176 1.644842982 -0.095587574 -0.055619806 0.009588685 0.993819654
5.933333 -0.130025446 0.264745176 1.644842982 -0.095587574 -0.055619806 0.009588685 0.993819654
5.933333 -0.130025446 0.264745176 1.644842982 -0.095587574 -0.055619806 0.009588685 0.993819654
5.933333 -0.130025446 0.264745176 1.644842982 -0.095587574 -0.055619806 0.009588685 0.993819654
9.066667 0.000000000 0.000000000 0.000000000 -0.000000000 -0.000000000 -0.000000000 1.000000000
9.133333 -0.001282747 0.032391742 0.016217820 -0.000848046 0.000188377 -0.000343470 0.999999583
9.200000 0.004451900 0.072315305 0.025261655 -0.000507170 -0.000606399 -0.000893528 0.999999285
9.266667 -0.000280645 0.084703937 0.031621832 0.000009912 -0.000035878 -0.000781295 0.999999702
9.333333 0.003928165 0.083032168 0.031561196 -0.002110339 -0.000815969 -0.001836942 0.999995768
9.400000 -0.000976395 0.081167608 0.039568130 -0.005789873 0.000205327 -0.003436231 0.999977350
9.466667 0.009451545 0.090605892 0.101485275 -0.007155572 -0.000712906 -0.003904354 0.999966502
9.533333 0.025647204 0.088210449 0.145250425 -0.009090327 -0.005264050 -0.000427968 0.999944746
9.600000 0.025520407 0.070152484 0.174554378 -0.012187351 -0.007413814 -0.000763431 0.999897957
9.666667 0.033712529 0.054180145 0.204951748 -0.010112418 -0.016401870 0.009010031 0.999773741
9.733333 0.044949476 0.045817889 0.217910275 -0.008341499 -0.025452226 0.023773139 0.999358535
9.800000 0.045547962 0.037683189 0.243715465 -0.002959332 -0.035674412 0.039515801 0.998577535
9.866667 0.036897924 0.030128378 0.246075943 0.004842083 -0.037131619 0.054885119 0.997790277
9.933333 0.033613805 0.029445359 0.240393817 0.012028392 -0.041424539 0.067692868 0.996773303
