0.000000 0.000000000 0.000000000 0.000000000 -0.000000000 -0.000000000 -0.000000000 1.000000000
0.066667 -0.003379272 0.006973483 -0.046372585 -0.001339179 -0.003415681 0.000600922 0.999993086
0.133333 0.001638105 0.024303876 -0.105157070 -0.008035629 -0.016555490 0.001741630 0.999829173
0.200000 0.039650422 0.046539661 -0.188496843 -0.024520298 -0.031055154 -0.000508966 0.999216735
0.266667 0.117947467 0.092242837 -0.312769234 -0.032353260 -0.054725416 -0.004019364 0.997969091
0.333333 0.182208464 0.158577874 -0.448229611 -0.041516237 -0.070995860 -0.004679691 0.996601284
0.400000 0.202363327 0.169057757 -0.472537994 -0.040351510 -0.075581886 -0.005917470 0.996305227
0.466667 0.200944245 0.168610245 -0.469718158 -0.041195460 -0.075253189 -0.004735062 0.996301949
0.533333 0.189099684 0.164027229 -0.456151873 -0.039191250 -0.070911586 -0.000023879 0.996712446
0.600000 0.187426791 0.164832458 -0.456284970 -0.037566356 -0.072086573 0.001436541 0.996689677
0.666667 0.193836078 0.177271098 -0.464499384 -0.038779736 -0.081633233 0.006579574 0.995885968
0.733333 0.201004878 0.183177859 -0.475735754 -0.046926878 -0.088995963 0.006469619 0.994904876
0.800000 0.189649999 0.182639256 -0.472813040 -0.048895638 -0.082768627 0.009480520 0.995323420
0.866667 0.190545976 0.178842932 -0.476868004 -0.051528435 -0.080969922 0.006327593 0.995363593
0.933333 0.197110206 0.179201782 -0.486009240 -0.054903913 -0.079566091 0.006400866 0.995295882
1.000000 0.189530909 0.171962425 -0.477193773 -0.063372530 -0.077558741 0.001452359 0.994970620
1.066667 0.187816247 0.169383973 -0.491339654 -0.069755830 -0.077729657 0.007804019 0.994500577
1.133333 0.182146549 0.165969163 -0.494898289 -0.078364760 -0.074973643 0.000966571 0.994101107
1.200000 0.180770084 0.166802347 -0.502621531 -0.080932371 -0.070862010 -0.003622837 0.994190812
1.266667 0.177267581 0.166909292 -0.503116548 -0.082369164 -0.068553418 0.001308733 0.994240403
1.333333 0.177384689 0.167011619 -0.503720641 -0.083186224 -0.069291055 0.007261164 0.994095623
1.400000 0.173597872 0.165825322 -0.499075085 -0.082126431 -0.068918005 0.007370381 0.994208872
1.466667 0.173393980 0.165922329 -0.499711305 -0.081453100 -0.069372028 0.009692137 0.994212747
1.533333 0.171082363 0.165345654 -0.498631179 -0.081458166 -0.068693094 0.013727018 0.994211972
1.600000 0.173368305 0.164928421 -0.500861585 -0.081832312 -0.069404483 0.016733857 0.994085729
1.666667 0.170598403 0.165917933 -0.498294711 -0.080592357 -0.069853432 0.020159271 0.994092047
1.733333 0.174381346 0.173763856 -0.503280222 -0.074326433 -0.066675223 0.021956425 0.994760215
1.800000 0.906831622 1.169661045 -5.652404785 -0.043066815 -0.146096781 -0.051226977 0.987003982
1.800000 0.906831622 1.169661045 -5.652404785 -0.043066815 -0.146096781 -0.051226977 0.987003982
1.800000 0.906831622 1.169661045 -5.652404785 -0.043066815 -0.146096781 -0.051226977 0.987003982
10.066667 0.000000000 0.000000000 0.000000000 -0.000000000 -0.000000000 -0.000000000 1.000000000
10.133333 -0.040163863 -0.022105081 0.137634188 0.001976923 0.002710795 -0.001821705 0.999992728
10.200000 -0.052005906 -0.031934630 0.201272622 0.003594175 0.003898558 -0.002270876 0.999983370
10.266667 -0.060964637 -0.044971373 0.259640694 0.005064988 0.004793494 -0.003777021 0.999968588
10.333333 -0.062179338 -0.054661162 0.308547288 0.006780494 0.005366678 -0.003402837 0.999956846
10.400000 -0.060647894 -0.055681292 0.321165383 0.007560112 0.004858653 -0.005183499 0.999946177
10.466667 -0.062061727 -0.052944098 0.360480040 0.011587817 0.004365440 -0.004967016 0.999911010
10.533333 -0.060151018 -0.054071095 0.392039984 0.014655260 0.000538169 -0.009415449 0.999848127
10.600000 -0.061433718 -0.047712065 0.415799499 0.017231720 -0.001507350 -0.007595391 0.999821544
10.666667 -0.056411929 -0.045008805 0.447128654 0.020247325 -0.012280044 -0.010245832 0.999667108
10.733333 -0.057445288 -0.045706172 0.466410756 0.026094833 -0.016225377 -0.009648982 0.999481201
10.800000 -0.057152361 -0.044909339 0.473966777 0.030626087 -0.017099962 -0.014487621 0.999279678
10.866667 -0.057233211 -0.045084987 0.481956303 0.032244809 -0.017734122 -0.019113911 0.999139905
10.933333 -0.053745884 -0.044187825 0.510672867 0.035239190 -0.019566705 -0.018467428 0.999016702
11.000000 -0.058098156 -0.039448220 0.526573062 0.041463476 -0.018860715 -0.017365072 0.998811066
11.066667 -0.058344308 -0.042432871 0.542313874 0.046485610 -0.018883977 -0.016914023 0.998597205
11.133333 -0.057246085 -0.041164953 0.543884695 0.056270398 -0.014982926 -0.019015390 0.998122036
11.200000 -0.056490000 -0.038120884 0.539787471 0.066783957 -0.009286499 -0.018048471 0.997560978
11.266667 -0.046141490 -0.042381536 0.583046138 0.055899531 -0.006633815 -0.012373355 0.998337746
11.333333 -0.048344847 -0.044347022 0.602648497 0.043028649 0.000315829 -0.014327344 0.998971045
11.400000 -0.049467180 -0.052512884 0.610903680 0.025753995 -0.002677053 -0.017273810 0.999515474
11.466667 -0.039979335 -0.058255523 0.606213689 0.024048740 -0.010948158 -0.039117701 0.998885214
11.533333 -0.050229836 -0.036476996 0.548467994 0.040871736 -0.040828399 -0.031690862 0.997826755
11.600000 -0.037990544 -0.041109644 0.479918212 0.042608242 -0.045330565 -0.018966591 0.997882724
11.666667 -0.012195023 -0.035589881 0.442419678 0.046079010 -0.051639933 -0.005253441 0.997588336
11.733333 -0.000422760 -0.032391720 0.387982816 0.039453343 -0.044216666 0.002445141 0.998239636
11.800000 -0.035640955 -0.029963143 0.315224767 0.032148883 -0.027542898 -0.003936270 0.999095798
11.866667 -0.038511660 -0.038004141 0.387005180 0.035188101 -0.035012480 0.002879016 0.998763025
11.933333 -0.027029645 -0.038924739 0.468822926 0.034018431 -0.052846111 0.011600613 0.997955680
12.000000 -0.023352996 -0.037256945 0.513442338 0.029100316 -0.064393796 -0.001736979 0.997498691
12.066667 -0.024958368 -0.036201898 0.533246338 0.024084527 -0.066748343 -0.008745649 0.997440815
12.133333 -0.021084689 -0.030853808 0.544533551 0.026293384 -0.067971878 -0.008093142 0.997307897
12.200000 0.025006391 -0.010249275 0.511722863 0.023579311 -0.073897578 -0.001225536 0.996986330
12.266667 0.012734952 -0.008146875 0.458921462 0.006445988 -0.077017173 0.018376743 0.996839583
12.266667 0.012734952 -0.008146875 0.458921462 0.006445988 -0.077017173 0.018376743 0.996839583
12.266667 0.012734952 -0.008146875 0.458921462 0.006445988 -0.077017173 0.018376743 0.996839583
12.266667 0.012734952 -0.008146875 0.458921462 0.006445988 -0.077017173 0.018376743 0.996839583
12.266667 0.012734952 -0.008146875 0.458921462 0.006445988 -0.077017173 0.018376743 0.996839583
12.266667 0.012734952 -0.008146875 0.458921462 0.006445988 -0.077017173 0.018376743 0.996839583
12.266667 0.012734952 -0.008146875 0.458921462 0.006445988 -0.077017173 0.018376743 0.996839583
12.266667 0.012734952 -0.008146875 0.458921462 0.006445988 -0.077017173 0.018376743 0.996839583
12.266667 0.012734952 -0.008146875 0.458921462 0.006445988 -0.077017173 0.018376743 0.996839583
12.266667 0.012734952 -0.008146875 0.458921462 0.006445988 -0.077017173 0.018376743 0.996839583
12.266667 0.012734952 -0.008146875 0.458921462 0.006445988 -0.077017173 0.018376743 0.996839583
12.266667 0.012734952 -0.008146875 0.458921462 0.006445988 -0.077017173 0.018376743 0.996839583
12.266667 0.012734952 -0.008146875 0.458921462 0.006445988 -0.077017173 0.018376743 0.996839583
12.266667 0.012734952 -0.008146875 0.458921462 0.006445988 -0.077017173 0.018376743 0.996839583
12.266667 0.012734952 -0.008146875 0.458921462 0.006445988 -0.077017173 0.018376743 0.996839583
12.266667 0.012734952 -0.008146875 0.458921462 0.006445988 -0.077017173 0.018376743 0.996839583
12.266667 0.012734952 -0.008146875 0.458921462 0.006445988 -0.077017173 0.018376743 0.996839583
12.266667 0.012734952 -0.008146875 0.458921462 0.006445988 -0.077017173 0.018376743 0.996839583
12.266667 0.012734952 -0.008146875 0.458921462 0.006445988 -0.077017173 0.018376743 0.996839583
12.266667 0.012734952 -0.008146875 0.458921462 0.006445988 -0.077017173 0.018376743 0.996839583
12.266667 0.012734952 -0.008146875 0.458921462 0.006445988 -0.077017173 0.018376743 0.996839583
12.266667 0.012734952 -0.008146875 0.458921462 0.006445988 -0.077017173 0.018376743 0.996839583
12.266667 0.012734952 -0.008146875 0.458921462 0.006445988 -0.077017173 0.018376743 0.996839583
12.266667 0.012734952 -0.008146875 0.458921462 0.006445988 -0.077017173 0.018376743 0.996839583
12.266667 0.012734952 -0.008146875 0.458921462 0.006445988 -0.077017173 0.018376743 0.996839583
12.266667 0.012734952 -0.008146875 0.458921462 0.006445988 -0.077017173 0.018376743 0.996839583
12.266667 0.012734952 -0.008146875 0.458921462 0.006445988 -0.077017173 0.018376743 0.996839583
12.266667 0.012734952 -0.008146875 0.458921462 0.006445988 -0.077017173 0.018376743 0.996839583
12.266667 0.012734952 -0.008146875 0.458921462 0.006445988 -0.077017173 0.018376743 0.996839583
12.266667 0.012734952 -0.008146875 0.458921462 0.006445988 -0.077017173 0.018376743 0.996839583
12.266667 0.012734952 -0.008146875 0.458921462 0.006445988 -0.077017173 0.018376743 0.996839583
12.266667 0.012734952 -0.008146875 0.458921462 0.006445988 -0.077017173 0.018376743 0.996839583
12.266667 0.012734952 -0.008146875 0.458921462 0.006445988 -0.077017173 0.018376743 0.996839583
12.266667 0.012734952 -0.008146875 0.458921462 0.006445988 -0.077017173 0.018376743 0.996839583
12.266667 0.012734952 -0.008146875 0.458921462 0.006445988 -0.077017173 0.018376743 0.996839583
12.266667 0.012734952 -0.008146875 0.458921462 0.006445988 -0.077017173 0.018376743 0.996839583
12.266667 0.012734952 -0.008146875 0.458921462 0.006445988 -0.077017173 0.018376743 0.996839583
12.266667 0.012734952 -0.008146875 0.458921462 0.006445988 -0.077017173 0.018376743 0.996839583
12.266667 0.012734952 -0.008146875 0.458921462 0.006445988 -0.077017173 0.018376743 0.996839583
12.266667 0.012734952 -0.008146875 0.458921462 0.006445988 -0.077017173 0.018376743 0.996839583
12.266667 0.012734952 -0.008146875 0.458921462 0.006445988 -0.077017173 0.018376743 0.996839583
12.266667 0.012734952 -0.008146875 0.458921462 0.006445988 -0.077017173 0.018376743 0.996839583
12.266667 0.012734952 -0.008146875 0.458921462 0.006445988 -0.077017173 0.018376743 0.996839583
12.266667 0.012734952 -0.008146875 0.458921462 0.006445988 -0.077017173 0.018376743 0.996839583
12.266667 0.012734952 -0.008146875 0.458921462 0.006445988 -0.077017173 0.018376743 0.996839583
12.266667 0.012734952 -0.008146875 0.458921462 0.006445988 -0.077017173 0.018376743 0.996839583
15.400000 0.000000000 0.000000000 0.000000000 -0.000000000 -0.000000000 -0.000000000 1.000000000
15.466667 0.060123619 0.010234700 0.047355056 -0.000033270 -0.006672791 -0.000885452 0.999977350
15.533333 -0.008032364 0.008904642 0.119846731 0.004001810 0.008066718 -0.000592120 0.999959290
15.600000 0.007691703 -0.002551131 0.152163923 0.005938302 0.001217417 -0.007169359 0.999955952
15.666667 0.004753562 0.000768796 0.138706207 0.009060835 0.000141109 -0.009191566 0.999916732
15.733333 0.013484783 -0.005936675 0.137636721 0.006693802 -0.002664980 -0.015858876 0.999848306
15.800000 0.014896876 0.000092411 0.143656880 0.007510450 -0.004226422 -0.015281832 0.999846101
15.866667 0.018347090 0.000025374 0.138526440 0.006440327 -0.005276473 -0.017410127 0.999813795
15.933333 0.011195841 -0.000281525 0.146426037 0.006475199 -0.004853271 -0.016870778 0.999824941
16.000000 0.010130790 -0.004178884 0.147827849 0.005621318 -0.004912057 -0.018734470 0.999796629
16.066667 0.010981641 -0.000563601 0.152547330 0.007923102 -0.004794254 -0.015911181 0.999830544
16.133333 0.022514684 0.006552800 0.146684572 0.013822845 -0.009908431 -0.019820521 0.999658883
16.200000 0.034522258 0.016221896 0.137225673 0.022459252 -0.014724222 -0.018062655 0.999476135
16.266667 0.030046482 0.005076455 0.135241017 0.020572735 -0.013152095 -0.026699353 0.999345303
16.333333 0.026585076 0.003691719 0.133343622 0.021089533 -0.011111090 -0.024232658 0.999422133
16.400000 0.022398934 0.005238619 0.136389956 0.021289771 -0.008861458 -0.023425667 0.999459624
16.466667 0.018781254 0.008859127 0.136246413 0.022312319 -0.007863630 -0.018647697 0.999546230
16.533333 0.012790333 0.008345144 0.134747878 0.022175055 -0.005171710 -0.013762738 0.999646008
16.600000 0.013428899 0.012191320 0.135584861 0.024054764 -0.005959058 -0.011229093 0.999629855
16.666667 0.008513960 0.005390255 0.145633146 0.021167904 -0.004065631 -0.009068043 0.999726593
16.733333 0.011620988 0.004573946 0.146184936 0.024121249 -0.005017429 -0.006419891 0.999675870
16.800000 0.006092345 0.000415499 0.153033078 0.023004292 -0.005840330 -0.002404404 0.999715447
16.866667 0.009090376 -0.000481940 0.156007394 0.021270761 -0.008481048 0.004025145 0.999729693
16.933333 0.005906486 0.000641425 0.151119396 0.012556788 -0.009235105 0.017900174 0.999718308
17.000000 0.003808449 -0.005636873 0.140880525 -0.000223003 -0.006488352 0.024058200 0.999689519
17.066667 0.014123945 -0.003495526 0.120146357 -0.007255171 -0.007857923 0.027700465 0.999559045
17.133333 0.017356461 -0.011471806 0.117081538 -0.017529506 -0.012117765 0.010285432 0.999720037
17.200000 0.029962206 -0.009551864 0.104077138 -0.026827382 -0.019881468 -0.006326072 0.999422312
17.266667 0.023897404 -0.007527429 0.116510957 -0.029515402 -0.023543116 -0.016395325 0.999152541
17.333333 0.023333605 -0.004049542 0.118507147 -0.033573620 -0.024470000 -0.012035765 0.999064147
17.400000 0.017715955 -0.002256557 0.140449613 -0.032319002 -0.023345059 -0.009628540 0.999158561
17.466667 0.014081656 -0.003815617 0.161476925 -0.032403763 -0.023099301 -0.009969865 0.999158144
17.533333 0.019249771 -0.005098849 0.169599339 -0.031384293 -0.026690388 -0.011199740 0.999088168
17.600000 0.028773881 -0.007266130 0.172343120 -0.030743942 -0.033818349 -0.012002598 0.998882890
17.666667 0.036237307 -0.002600388 0.164235502 -0.023835167 -0.034492567 -0.008238568 0.999086738
17.733333 0.043654248 -0.014449093 0.160036057 -0.023594296 -0.041658621 -0.019967660 0.998653710
17.800000 0.043152597 -0.026949210 0.154660672 -0.029039184 -0.043108087 -0.027667847 0.998264968
17.866667 0.050583333 -0.031224130 0.162818700 -0.037531350 -0.046579644 -0.036063273 0.997557640
17.933333 0.046969585 -0.034001112 0.166421369 -0.046411701 -0.048304703 -0.045315005 0.996724248
18.000000 0.044427436 -0.033604410 0.159719378 -0.055903438 -0.045985501 -0.043400381 0.996431887
18.066667 0.023216335 -0.010157915 0.212969378 -0.060219001 -0.040401667 -0.031983633 0.996854305
18.133333 0.029623194 0.001314612 0.239761531 -0.067053400 -0.047686581 -0.032643221 0.996074438
18.200000 0.034912415 0.010459548 0.256113410 -0.065673210 -0.052562732 -0.034617722 0.995854318
18.266667 0.049758192 0.017718503 0.261152655 -0.055271402 -0.060594987 -0.041119400 0.995782375
18.333333 0.062465463 0.023436431 0.257456124 -0.043809552 -0.068911076 -0.041381501 0.995800972
18.400000 0.057251230 0.015632834 0.196939662 -0.039689954 -0.064739421 -0.034974396 0.996499002
18.466667 0.037768446 -0.002798779 0.158634573 -0.041422524 -0.057777531 -0.036298368 0.996809125
18.533333 0.014627678 -0.009651510 0.125040382 -0.040114351 -0.049721524 -0.022521751 0.997703075
18.600000 0.015477417 -0.019654255 0.081924237 -0.037574753 -0.049448095 -0.028928138 0.997650325
18.666667 0.024566451 -0.026395001 0.067849047 -0.037005104 -0.053053901 -0.034521695 0.997308433
18.733333 0.026641086 -0.027066698 0.064336032 -0.035382956 -0.053931382 -0.028469995 0.997511387
18.800000 0.036476891 -0.024772827 0.053042516 -0.032237522 -0.060006194 -0.016541941 0.997540176
18.866667 0.039531451 -0.028751658 0.040781260 -0.031985708 -0.059025060 -0.011197961 0.997681141
18.933333 0.043539006 -0.026545001 0.025172263 -0.031286784 -0.056745384 0.000480227 0.997898281
19.000000 0.064627238 -0.012164160 -0.003587117 -0.021875199 -0.060625844 0.013922189 0.997823715
19.066667 0.061867815 -0.017580681 -0.006815305 -0.024445077 -0.059830938 0.011955411 0.997837603
19.133333 0.052277345 -0.023790622 0.002239096 -0.027346907 -0.056243896 0.009858209 0.997993767
19.200000 0.055462439 -0.025110597 -0.002220776 -0.030067120 -0.055036724 0.014130922 0.997931480
19.266667 0.063098021 -0.025226511 -0.012047741 -0.032720510 -0.056821637 0.021487184 0.997616649
2.066667 0.000000000 0.000000000 0.000000000 -0.000000000 -0.000000000 -0.000000000 1.000000000
2.133333 -0.038742803 -0.115154631 0.053828478 -0.003589671 0.007737013 0.001993222 0.999961674
2.200000 -0.052181702 -0.234542310 0.086916625 -0.016486105 0.010457879 0.006249063 0.999789894
2.266667 -0.101599038 -0.347840995 0.157876283 -0.030801326 0.020187600 -0.001219948 0.999320924
2.333333 -0.085263871 -0.449394196 0.141820669 -0.046476230 0.020997096 -0.006182858 0.998679578
2.400000 -0.046376958 -0.513595402 0.093129285 -0.058557134 0.018842131 -0.029080892 0.997682512
2.466667 -0.047338072 -0.608104825 0.091528803 -0.070090391 0.020650093 -0.042403918 0.996425033
2.533333 -0.004900570 -0.592923582 0.064730145 -0.063680686 0.007977339 -0.030793162 0.997463226
2.600000 -0.009699522 -0.597008646 0.090752810 -0.064860776 0.009756219 -0.043471523 0.996899247
2.666667 -0.020027213 -0.605364919 0.114364713 -0.067293234 0.014191794 -0.059705786 0.995844066
2.733333 -0.021548187 -0.534793496 0.129836768 -0.054771695 0.019318243 -0.046478137 0.997229517
2.800000 -0.021706754 -0.511143386 0.143023536 -0.053548571 0.023320280 -0.053035911 0.996883094
2.866667 -0.019097913 -0.511674166 0.149539098 -0.054941814 0.024538705 -0.064599507 0.996095479
2.933333 -0.011741568 -0.516745508 0.138561055 -0.052323457 0.024892082 -0.068407632 0.995973468
3.000000 -0.004756302 -0.528072715 0.140457988 -0.051959116 0.022045529 -0.072975822 0.995735288
3.066667 -0.006426196 -0.533200204 0.148508936 -0.050471459 0.022447770 -0.069625504 0.996042669
3.133333 -0.001685392 -0.536405742 0.159339190 -0.041388083 0.019440571 -0.069698937 0.996519506
3.200000 0.012883038 -0.534038305 0.135308743 -0.034791455 0.013958980 -0.077443995 0.996291697
3.266667 0.009029327 -0.565106809 0.106054187 -0.027776726 0.013132542 -0.072763994 0.996875823
3.266667 0.009029327 -0.565106809 0.106054187 -0.027776726 0.013132542 -0.072763994 0.996875823
3.266667 0.009029327 -0.565106809 0.106054187 -0.027776726 0.013132542 -0.072763994 0.996875823
3.266667 0.009029327 -0.565106809 0.106054187 -0.027776726 0.013132542 -0.072763994 0.996875823
3.266667 0.009029327 -0.565106809 0.106054187 -0.027776726 0.013132542 -0.072763994 0.996875823
3.266667 0.009029327 -0.565106809 0.106054187 -0.027776726 0.013132542 -0.072763994 0.996875823
3.266667 0.009029327 -0.565106809 0.106054187 -0.027776726 0.013132542 -0.072763994 0.996875823
3.266667 0.009029327 -0.565106809 0.106054187 -0.027776726 0.013132542 -0.072763994 0.996875823
3.266667 0.009029327 -0.565106809 0.106054187 -0.027776726 0.013132542 -0.072763994 0.996875823
3.266667 0.009029327 -0.565106809 0.106054187 -0.027776726 0.013132542 -0.072763994 0.996875823
3.266667 0.009029327 -0.565106809 0.106054187 -0.027776726 0.013132542 -0.072763994 0.996875823
3.266667 0.009029327 -0.565106809 0.106054187 -0.027776726 0.013132542 -0.072763994 0.996875823
3.266667 0.009029327 -0.565106809 0.106054187 -0.027776726 0.013132542 -0.072763994 0.996875823
3.266667 0.009029327 -0.565106809 0.106054187 -0.027776726 0.013132542 -0.072763994 0.996875823
3.266667 0.009029327 -0.565106809 0.106054187 -0.027776726 0.013132542 -0.072763994 0.996875823
3.266667 0.009029327 -0.565106809 0.106054187 -0.027776726 0.013132542 -0.072763994 0.996875823
3.266667 0.009029327 -0.565106809 0.106054187 -0.027776726 0.013132542 -0.072763994 0.996875823
3.266667 0.009029327 -0.565106809 0.106054187 -0.027776726 0.013132542 -0.072763994 0.996875823
3.266667 0.009029327 -0.565106809 0.106054187 -0.027776726 0.013132542 -0.072763994 0.996875823
3.266667 0.009029327 -0.565106809 0.106054187 -0.027776726 0.013132542 -0.072763994 0.996875823
3.266667 0.009029327 -0.565106809 0.106054187 -0.027776726 0.013132542 -0.072763994 0.996875823
3.266667 0.009029327 -0.565106809 0.106054187 -0.027776726 0.013132542 -0.072763994 0.996875823
3.266667 0.009029327 -0.565106809 0.106054187 -0.027776726 0.013132542 -0.072763994 0.996875823
3.266667 0.009029327 -0.565106809 0.106054187 -0.027776726 0.013132542 -0.072763994 0.996875823
3.266667 0.009029327 -0.565106809 0.106054187 -0.027776726 0.013132542 -0.072763994 0.996875823
3.266667 0.009029327 -0.565106809 0.106054187 -0.027776726 0.013132542 -0.072763994 0.996875823
3.266667 0.009029327 -0.565106809 0.106054187 -0.027776726 0.013132542 -0.072763994 0.996875823
3.266667 0.009029327 -0.565106809 0.106054187 -0.027776726 0.013132542 -0.072763994 0.996875823
3.266667 0.009029327 -0.565106809 0.106054187 -0.027776726 0.013132542 -0.072763994 0.996875823
3.266667 0.009029327 -0.565106809 0.106054187 -0.027776726 0.013132542 -0.072763994 0.996875823
3.266667 0.009029327 -0.565106809 0.106054187 -0.027776726 0.013132542 -0.072763994 0.996875823
3.266667 0.009029327 -0.565106809 0.106054187 -0.027776726 0.013132542 -0.072763994 0.996875823
3.266667 0.009029327 -0.565106809 0.106054187 -0.027776726 0.013132542 -0.072763994 0.996875823
3.266667 0.009029327 -0.565106809 0.106054187 -0.027776726 0.013132542 -0.072763994 0.996875823
3.266667 0.009029327 -0.565106809 0.106054187 -0.027776726 0.013132542 -0.072763994 0.996875823
3.266667 0.009029327 -0.565106809 0.106054187 -0.027776726 0.013132542 -0.072763994 0.996875823
3.266667 0.009029327 -0.565106809 0.106054187 -0.027776726 0.013132542 -0.072763994 0.996875823
3.266667 0.009029327 -0.565106809 0.106054187 -0.027776726 0.013132542 -0.072763994 0.996875823
3.266667 0.009029327 -0.565106809 0.106054187 -0.027776726 0.013132542 -0.072763994 0.996875823
3.266667 0.009029327 -0.565106809 0.106054187 -0.027776726 0.013132542 -0.072763994 0.996875823
3.266667 0.009029327 -0.565106809 0.106054187 -0.027776726 0.013132542 -0.072763994 0.996875823
3.266667 0.009029327 -0.565106809 0.106054187 -0.027776726 0.013132542 -0.072763994 0.996875823
3.266667 0.009029327 -0.565106809 0.106054187 -0.027776726 0.013132542 -0.072763994 0.996875823
3.266667 0.009029327 -0.565106809 0.106054187 -0.027776726 0.013132542 -0.072763994 0.996875823
3.266667 0.009029327 -0.565106809 0.106054187 -0.027776726 0.013132542 -0.072763994 0.996875823
3.266667 0.009029327 -0.565106809 0.106054187 -0.027776726 0.013132542 -0.072763994 0.996875823
6.400000 0.000000000 0.000000000 0.000000000 -0.000000000 -0.000000000 -0.000000000 1.000000000
6.466667 0.028916122 0.019825513 0.176304266 -0.005430761 0.004624005 0.001013600 0.999974072
6.533333 0.025087912 0.006100865 0.321432650 -0.031019961 0.006439487 0.007110139 0.999472737
6.600000 0.031754270 0.054963540 0.388445616 -0.032665681 0.004877127 0.007330284 0.999427557
6.666667 0.002052842 0.075405844 0.468044400 -0.030469975 0.009536043 -0.003074525 0.999485493
6.733333 -0.043986049 0.056019504 0.558692276 -0.025613073 -0.001202591 -0.011404862 0.999606133
6.800000 -0.055432253 0.055126749 0.566627741 -0.027020419 -0.008423227 -0.011059676 0.999538243
6.866667 -0.072724581 0.061918698 0.586333394 -0.028830079 -0.015087898 -0.009943732 0.999421000
6.933333 -0.077529542 0.067395627 0.604653835 -0.029092459 -0.016294932 -0.013807795 0.999348521
7.000000 -0.078502662 0.066048652 0.641443074 -0.030471757 -0.019154878 -0.014290665 0.999249935
7.066667 -0.078899279 0.067723356 0.646551967 -0.030619809 -0.021024834 -0.012926039 0.999226391
7.133333 -0.085522287 0.067629948 0.641092956 -0.031340770 -0.023511129 -0.013681778 0.999138534
7.200000 -0.090348363 0.069884747 0.641698539 -0.031068690 -0.025708865 -0.013395333 0.999096751
7.266667 -0.095561005 0.071214475 0.644510210 -0.030920707 -0.025855063 -0.011806120 0.999117672
7.333333 -0.092883781 0.067522027 0.652813017 -0.031838816 -0.025284264 -0.014731290 0.999064565
7.400000 -0.095177099 0.057722569 0.660526335 -0.034494087 -0.016047448 -0.021298103 0.999049067
7.466667 -0.095656537 0.054022368 0.672526240 -0.037268657 -0.013726869 -0.023447180 0.998935878
7.533333 -0.098796882 0.050118383 0.683069527 -0.043364745 -0.007135416 -0.030949932 0.998554349
7.600000 -0.089470327 0.051618088 0.686570823 -0.047965411 -0.006599619 -0.033665814 0.998259664
7.666667 -0.085955307 0.060353100 0.702580750 -0.053395852 -0.000948236 -0.039215744 0.997802675
7.733333 -0.077128343 0.069608428 0.711042762 -0.060575213 0.006724651 -0.042083047 0.997253478
7.800000 -0.087154664 0.067343302 0.733137906 -0.064692624 0.013024106 -0.050759908 0.996528327
7.866667 -0.100971378 0.070365511 0.753757417 -0.060353339 0.013187536 -0.049623996 0.996855557
7.933333 -0.083404772 0.067926578 0.728742599 -0.048623726 0.010392841 -0.055119831 0.997240961
8.000000 -0.062212858 0.143376395 0.733406007 -0.019136233 -0.001132969 -0.030168623 0.999360979
8.066667 -0.068615042 0.133712336 0.745334089 -0.008657638 0.001188185 -0.036071610 0.999311030
8.133333 -0.073133349 0.117278308 0.744418800 -0.008350508 -0.000913567 -0.040260840 0.999153912
8.200000 -0.076600514 0.118113682 0.749248505 0.003374045 -0.002347345 -0.032992449 0.999447167
8.266667 -0.079030931 0.113757245 0.750303507 0.002296564 -0.002366286 -0.032509860 0.999466002
8.333333 -0.085992649 0.111649461 0.758710742 0.003099346 -0.002073134 -0.030120756 0.999539316
8.400000 -0.088439733 0.108904801 0.769045055 0.003316396 -0.003077462 -0.030341465 0.999529362
8.466667 -0.088329934 0.103049181 0.795085669 0.004321582 -0.003434897 -0.033455428 0.999424994
8.533333 -0.087492026 0.100512721 0.809216499 0.005143983 -0.003959938 -0.031745404 0.999474883
8.600000 -0.085274324 0.096409991 0.821631551 0.005223790 -0.006165181 -0.033128958 0.999418437
8.666667 -0.079195358 0.097689807 0.823820591 0.014302623 -0.011277670 -0.036514733 0.999167144
8.733333 -0.059037991 0.092274427 0.800858676 0.031097837 -0.020511087 -0.048964169 0.998105586
8.800000 -0.059797410 0.107915930 0.803808093 0.070169173 -0.013617344 -0.061353907 0.995553434
8.800000 -0.059797410 0.107915930 0.803808093 0.070169173 -0.013617344 -0.061353907 0.995553434
8.800000 -0.059797410 0.107915930 0.803808093 0.070169173 -0.013617344 -0.061353907 0.995553434
8.800000 -0.059797410 0.107915930 0.803808093 0.070169173 -0.013617344 -0.061353907 0.995553434
8.800000 -0.059797410 0.107915930 0.803808093 0.070169173 -0.013617344 -0.061353907 0.995553434
8.800000 -0.059797410 0.107915930 0.803808093 0.070169173 -0.013617344 -0.061353907 0.995553434
8.800000 -0.059797410 0.107915930 0.803808093 0.070169173 -0.013617344 -0.061353907 0.995553434
8.800000 -0.059797410 0.107915930 0.803808093 0.070169173 -0.013617344 -0.061353907 0.995553434
8.800000 -0.059797410 0.107915930 0.803808093 0.070169173 -0.013617344 -0.061353907 0.995553434
8.800000 -0.059797410 0.107915930 0.803808093 0.070169173 -0.013617344 -0.061353907 0.995553434
8.800000 -0.059797410 0.107915930 0.803808093 0.070169173 -0.013617344 -0.061353907 0.995553434
8.800000 -0.059797410 0.107915930 0.803808093 0.070169173 -0.013617344 -0.061353907 0.995553434
8.800000 -0.059797410 0.107915930 0.803808093 0.070169173 -0.013617344 -0.061353907 0.995553434
8.800000 -0.059797410 0.107915930 0.803808093 0.070169173 -0.013617344 -0.061353907 0.995553434
8.800000 -0.059797410 0.107915930 0.803808093 0.070169173 -0.013617344 -0.061353907 0.995553434
8.800000 -0.059797410 0.107915930 0.803808093 0.070169173 -0.013617344 -0.061353907 0.995553434
8.800000 -0.059797410 0.107915930 0.803808093 0.070169173 -0.013617344 -0.061353907 0.995553434
8.800000 -0.059797410 0.107915930 0.803808093 0.070169173 -0.013617344 -0.061353907 0.995553434
