0.000000 0.000000000 0.000000000 0.000000000 -0.000000000 -0.000000000 -0.000000000 1.000000000
0.066667 -0.004423907 0.006704675 -0.046724159 -0.001396068 -0.003133434 0.000641442 0.999993920
0.133333 0.003163009 0.023846071 -0.104538128 -0.007968890 -0.016717972 0.001954474 0.999826610
0.200000 0.042850986 0.048905790 -0.189645067 -0.024147259 -0.031485062 -0.000163754 0.999212503
0.266667 0.115996741 0.099860214 -0.304446101 -0.030741679 -0.054915171 -0.003027403 0.998013079
0.333333 0.175043657 0.145834520 -0.421293825 -0.042466130 -0.069762789 -0.004791318 0.996647775
0.400000 0.158161506 0.155604601 -0.433276236 -0.041363623 -0.069788307 -0.004382836 0.996694267
0.466667 0.143756449 0.162401155 -0.440522432 -0.041746292 -0.067837052 -0.000969064 0.996822238
0.533333 0.146656051 0.162522063 -0.441129774 -0.038280848 -0.065540507 0.002787037 0.997111440
0.600000 0.143361732 0.161266252 -0.436733902 -0.037130710 -0.066572674 0.003533258 0.997084200
0.666667 0.143750653 0.164922506 -0.434671372 -0.040349189 -0.075287960 0.001843668 0.996343493
0.733333 0.156816423 0.172987029 -0.452058405 -0.047422916 -0.084734447 0.002007243 0.995272398
0.800000 0.159648657 0.169657409 -0.460733533 -0.051520474 -0.082657665 -0.007540212 0.995216787
0.866667 0.169388220 0.176834956 -0.486113220 -0.050844204 -0.080676712 -0.001459325 0.995441616
0.933333 0.185771853 0.183909893 -0.516828179 -0.050837584 -0.076202430 0.009285972 0.995752215
1.000000 0.166064441 0.165917203 -0.504657686 -0.058778711 -0.073766120 -0.000023627 0.995541930
1.066667 0.156944677 0.149206847 -0.497448802 -0.070142172 -0.073974974 -0.008879205 0.994750738
1.133333 0.134004742 0.171983570 -0.484627336 -0.075121358 -0.067996010 -0.016291890 0.994719982
1.200000 0.114817858 0.188523054 -0.472346187 -0.077827215 -0.064191081 -0.031112185 0.994411647
1.266667 0.119363062 0.190802902 -0.471375197 -0.076863922 -0.065679274 -0.028373908 0.994471252
1.333333 0.114120893 0.189670578 -0.467985094 -0.077982649 -0.064199321 -0.025596438 0.994556189
1.400000 0.111585520 0.191589057 -0.463617772 -0.075688325 -0.064659484 -0.021141646 0.994808257
1.466667 0.113156848 0.191097900 -0.464609712 -0.075405501 -0.065896563 -0.021103762 0.994749367
1.533333 0.109355822 0.188840345 -0.461922348 -0.075308554 -0.064624377 -0.017711839 0.994906366
1.600000 0.110024154 0.188294038 -0.462509245 -0.075968355 -0.064692117 -0.012403973 0.994932115
1.666667 0.105158068 0.189266831 -0.457766294 -0.073976055 -0.064390056 -0.010092611 0.995127916
1.733333 0.115414269 0.193133473 -0.467393130 -0.070805609 -0.063884333 -0.012950127 0.995358050
1.800000 -0.077417821 0.670703948 0.680375695 -0.068848684 -0.105605856 0.001090129 0.992021263
1.800000 -0.077417821 0.670703948 0.680375695 -0.068848684 -0.105605856 0.001090129 0.992021263
1.800000 -0.077417821 0.670703948 0.680375695 -0.068848684 -0.105605856 0.001090129 0.992021263
10.066667 0.000000000 0.000000000 0.000000000 -0.000000000 -0.000000000 -0.000000000 1.000000000
10.133333 -0.036489900 -0.020035654 0.134805471 0.002317487 0.002215054 -0.001620959 0.999993563
10.200000 -0.048112396 -0.032241847 0.199783161 0.003721105 0.003247598 -0.002589682 0.999984443
10.266667 -0.049988993 -0.039382383 0.255472541 0.006341154 0.003028946 -0.003045214 0.999970675
10.333333 -0.045800317 -0.039847378 0.284251541 0.009558666 0.002432403 -0.001532678 0.999950230
10.400000 -0.037466388 -0.051662918 0.314594775 0.008970780 0.001006702 -0.005601247 0.999943554
10.466667 -0.046563074 -0.054545540 0.341671586 0.011260636 0.002252068 -0.005876724 0.999916852
10.533333 -0.042289037 -0.052948024 0.409913093 0.015077934 -0.002050590 -0.010448130 0.999829650
10.600000 -0.040137421 -0.051703490 0.433022887 0.016713433 -0.005742909 -0.009732362 0.999796450
10.666667 -0.045688834 -0.041114714 0.483846486 0.020934077 -0.013262908 -0.008434589 0.999657333
10.733333 -0.043803751 -0.036907159 0.508222878 0.028196877 -0.018966289 -0.010472443 0.999367595
10.800000 -0.039618842 -0.034961801 0.513710976 0.032774135 -0.020014782 -0.015935052 0.999135315
10.866667 -0.043860871 -0.036032006 0.526468992 0.033967420 -0.017568206 -0.015271145 0.999151826
10.933333 -0.043378424 -0.034321725 0.530191958 0.038560983 -0.016856516 -0.017660502 0.998957992
11.000000 -0.045417789 -0.032164242 0.534839034 0.044172511 -0.019274011 -0.017969744 0.998676360
11.066667 -0.056586552 -0.047023237 0.552590013 0.041698124 -0.016798655 -0.022561230 0.998734236
11.133333 -0.056391537 -0.049045537 0.554629683 0.048940655 -0.015779464 -0.028219145 0.998278260
11.200000 -0.066530690 -0.040170927 0.548987925 0.058011450 -0.005717833 -0.012253378 0.998224318
11.266667 -0.060862206 -0.035148740 0.513369679 0.062669531 -0.001728832 0.014693870 0.997924685
11.333333 -0.049494039 -0.029810801 0.476414621 0.054085564 -0.001290744 0.043615505 0.997582495
11.400000 -0.046545211 -0.049124341 0.530245900 0.033924092 -0.014622473 0.052230492 0.997951567
11.400000 -0.046545211 -0.049124341 0.530245900 0.033924092 -0.014622473 0.052230492 0.997951567
11.400000 -0.046545211 -0.049124341 0.530245900 0.033924092 -0.014622473 0.052230492 0.997951567
11.400000 -0.046545211 -0.049124341 0.530245900 0.033924092 -0.014622473 0.052230492 0.997951567
11.400000 -0.046545211 -0.049124341 0.530245900 0.033924092 -0.014622473 0.052230492 0.997951567
11.400000 -0.046545211 -0.049124341 0.530245900 0.033924092 -0.014622473 0.052230492 0.997951567
11.400000 -0.046545211 -0.049124341 0.530245900 0.033924092 -0.014622473 0.052230492 0.997951567
11.400000 -0.046545211 -0.049124341 0.530245900 0.033924092 -0.014622473 0.052230492 0.997951567
11.400000 -0.046545211 -0.049124341 0.530245900 0.033924092 -0.014622473 0.052230492 0.997951567
11.400000 -0.046545211 -0.049124341 0.530245900 0.033924092 -0.014622473 0.052230492 0.997951567
11.400000 -0.046545211 -0.049124341 0.530245900 0.033924092 -0.014622473 0.052230492 0.997951567
11.400000 -0.046545211 -0.049124341 0.530245900 0.033924092 -0.014622473 0.052230492 0.997951567
11.400000 -0.046545211 -0.049124341 0.530245900 0.033924092 -0.014622473 0.052230492 0.997951567
11.400000 -0.046545211 -0.049124341 0.530245900 0.033924092 -0.014622473 0.052230492 0.997951567
11.400000 -0.046545211 -0.049124341 0.530245900 0.033924092 -0.014622473 0.052230492 0.997951567
11.400000 -0.046545211 -0.049124341 0.530245900 0.033924092 -0.014622473 0.052230492 0.997951567
11.400000 -0.046545211 -0.049124341 0.530245900 0.033924092 -0.014622473 0.052230492 0.997951567
11.400000 -0.046545211 -0.049124341 0.530245900 0.033924092 -0.014622473 0.052230492 0.997951567
11.400000 -0.046545211 -0.049124341 0.530245900 0.033924092 -0.014622473 0.052230492 0.997951567
11.400000 -0.046545211 -0.049124341 0.530245900 0.033924092 -0.014622473 0.052230492 0.997951567
11.400000 -0.046545211 -0.049124341 0.530245900 0.033924092 -0.014622473 0.052230492 0.997951567
11.400000 -0.046545211 -0.049124341 0.530245900 0.033924092 -0.014622473 0.052230492 0.997951567
11.400000 -0.046545211 -0.049124341 0.530245900 0.033924092 -0.014622473 0.052230492 0.997951567
11.400000 -0.046545211 -0.049124341 0.530245900 0.033924092 -0.014622473 0.052230492 0.997951567
11.400000 -0.046545211 -0.049124341 0.530245900 0.033924092 -0.014622473 0.052230492 0.997951567
11.400000 -0.046545211 -0.049124341 0.530245900 0.033924092 -0.014622473 0.052230492 0.997951567
11.400000 -0.046545211 -0.049124341 0.530245900 0.033924092 -0.014622473 0.052230492 0.997951567
11.400000 -0.046545211 -0.049124341 0.530245900 0.033924092 -0.014622473 0.052230492 0.997951567
11.400000 -0.046545211 -0.049124341 0.530245900 0.033924092 -0.014622473 0.052230492 0.997951567
11.400000 -0.046545211 -0.049124341 0.530245900 0.033924092 -0.014622473 0.052230492 0.997951567
11.400000 -0.046545211 -0.049124341 0.530245900 0.033924092 -0.014622473 0.052230492 0.997951567
11.400000 -0.046545211 -0.049124341 0.530245900 0.033924092 -0.014622473 0.052230492 0.997951567
11.400000 -0.046545211 -0.049124341 0.530245900 0.033924092 -0.014622473 0.052230492 0.997951567
11.400000 -0.046545211 -0.049124341 0.530245900 0.033924092 -0.014622473 0.052230492 0.997951567
11.400000 -0.046545211 -0.049124341 0.530245900 0.033924092 -0.014622473 0.052230492 0.997951567
11.400000 -0.046545211 -0.049124341 0.530245900 0.033924092 -0.014622473 0.052230492 0.997951567
11.400000 -0.046545211 -0.049124341 0.530245900 0.033924092 -0.014622473 0.052230492 0.997951567
11.400000 -0.046545211 -0.049124341 0.530245900 0.033924092 -0.014622473 0.052230492 0.997951567
11.400000 -0.046545211 -0.049124341 0.530245900 0.033924092 -0.014622473 0.052230492 0.997951567
11.400000 -0.046545211 -0.049124341 0.530245900 0.033924092 -0.014622473 0.052230492 0.997951567
11.400000 -0.046545211 -0.049124341 0.530245900 0.033924092 -0.014622473 0.052230492 0.997951567
11.400000 -0.046545211 -0.049124341 0.530245900 0.033924092 -0.014622473 0.052230492 0.997951567
11.400000 -0.046545211 -0.049124341 0.530245900 0.033924092 -0.014622473 0.052230492 0.997951567
11.400000 -0.046545211 -0.049124341 0.530245900 0.033924092 -0.014622473 0.052230492 0.997951567
11.400000 -0.046545211 -0.049124341 0.530245900 0.033924092 -0.014622473 0.052230492 0.997951567
11.400000 -0.046545211 -0.049124341 0.530245900 0.033924092 -0.014622473 0.052230492 0.997951567
14.533333 0.000000000 0.000000000 0.000000000 -0.000000000 -0.000000000 -0.000000000 1.000000000
14.600000 -0.089225419 -0.043326028 0.094830081 -0.012505989 0.016918443 -0.002756812 0.999774873
14.666667 -0.040018223 -0.034318823 0.049285073 -0.016910251 0.007296922 -0.001849241 0.999828696
14.733333 0.035699170 -0.004630482 -0.039708950 -0.022463791 -0.007959509 0.015123776 0.999601543
14.800000 0.042632204 0.031644937 -0.122769594 -0.019069385 -0.009214112 0.034898069 0.999166489
14.866667 0.023656173 0.057267085 -0.177849159 -0.016787386 -0.001570480 0.062434845 0.997906625
14.933333 0.027507853 0.058336101 -0.169329405 -0.018644031 -0.004596932 0.053276703 0.998395145
15.000000 0.036123853 0.060883686 -0.179129362 -0.020400194 -0.006078456 0.051238172 0.998459578
15.066667 0.035429999 0.058337931 -0.175750419 -0.019738993 -0.005781216 0.050646540 0.998504817
15.133333 0.030257482 0.051126789 -0.158234447 -0.020961199 -0.007897028 0.047284581 0.998630345
15.200000 0.037237365 0.049970604 -0.157045677 -0.021217953 -0.010368589 0.045667887 0.998677492
15.266667 0.058976561 0.049904518 -0.171940014 -0.021389058 -0.015355065 0.037668880 0.998943329
15.333333 0.061671752 0.028160382 -0.145805851 -0.029981559 -0.023590717 0.028523263 0.998864889
15.400000 0.057665695 0.014353873 -0.141807660 -0.042560171 -0.027872510 0.031203501 0.998217463
15.466667 0.053809695 0.009741478 -0.178752020 -0.045646310 -0.027322285 0.029352752 0.998152494
15.533333 0.076407194 0.036036972 -0.143490598 -0.039178412 -0.034355257 0.004417105 0.998631716
15.600000 0.087934628 0.068588398 -0.133119166 -0.030104112 -0.033040680 -0.009234106 0.998957872
15.666667 0.103003733 0.096727319 -0.131437421 -0.023845641 -0.039096143 -0.012044286 0.998878300
15.733333 0.129925579 0.108079411 -0.152405858 -0.020635834 -0.045808207 -0.024891214 0.998426855
15.800000 0.137730226 0.126197815 -0.165083125 -0.015015566 -0.046526678 -0.018032597 0.998641431
15.866667 0.134078637 0.129090786 -0.164202392 -0.014589882 -0.046601769 -0.017386604 0.998655677
15.933333 0.116261020 0.121299103 -0.145089269 -0.017813796 -0.045017600 -0.019553939 0.998635948
16.000000 0.112710789 0.113688856 -0.144303620 -0.021603877 -0.043945793 -0.025051326 0.998486102
16.066667 0.110979423 0.112679124 -0.139676645 -0.020251941 -0.043035325 -0.022924354 0.998605192
16.133333 0.121808104 0.119622171 -0.148484603 -0.015560921 -0.046839453 -0.021477424 0.998550296
16.200000 0.137236670 0.114658564 -0.153336778 -0.010853799 -0.053433999 -0.033116680 0.997963071
16.266667 0.146303803 0.113142148 -0.156182498 -0.006890012 -0.055307701 -0.034457590 0.997850835
16.333333 0.140021205 0.118801914 -0.151282191 -0.001896551 -0.053607300 -0.030100735 0.998106539
16.400000 0.135086834 0.111115701 -0.147405580 -0.005636743 -0.052812528 -0.034623358 0.997988164
16.466667 0.127804160 0.115588769 -0.153113365 -0.005264367 -0.049475912 -0.031576458 0.998262167
16.533333 0.127861053 0.119723953 -0.160727233 -0.003829666 -0.047752645 -0.027832864 0.998463988
16.600000 0.130794510 0.116529047 -0.156002909 -0.005191334 -0.050726492 -0.026629934 0.998344004
16.666667 0.127169579 0.118880771 -0.154472843 -0.004882623 -0.050730757 -0.026268132 0.998354971
16.733333 0.127131075 0.123164527 -0.149222150 -0.000070033 -0.048328388 -0.022848835 0.998570144
16.800000 0.128051952 0.121740364 -0.132251158 -0.002682108 -0.054071907 -0.029779758 0.998089314
16.866667 0.131699041 0.122551188 -0.130100444 -0.005117674 -0.058068573 -0.028482001 0.997893155
16.933333 0.134037882 0.121487938 -0.136748031 -0.014659265 -0.059366606 -0.022067536 0.997884631
17.000000 0.145939305 0.119481601 -0.145654857 -0.025108529 -0.065721981 -0.018187890 0.997356236
17.066667 0.141605318 0.116566643 -0.143123448 -0.031632479 -0.063797690 -0.020325614 0.997254312
17.133333 0.134743989 0.111975655 -0.134197518 -0.036965854 -0.062747397 -0.017174339 0.997196734
17.200000 0.141369864 0.107182838 -0.121617369 -0.050577927 -0.068054609 -0.022935824 0.996134758
17.266667 0.146587268 0.114381813 -0.121678106 -0.052967355 -0.070642285 -0.028199136 0.995695233
17.333333 0.139371485 0.121209107 -0.104793839 -0.055582728 -0.072116598 -0.031802040 0.995338321
17.400000 0.151691332 0.128404185 -0.105286680 -0.053235386 -0.079372175 -0.033704687 0.994851768
17.466667 0.145657435 0.128752038 -0.103626646 -0.053994764 -0.080638483 -0.044388760 0.994289517
17.533333 0.140718862 0.137033448 -0.073679529 -0.051507924 -0.080457032 -0.043488014 0.994475961
17.600000 0.143896759 0.144556984 -0.062940791 -0.047141444 -0.081031822 -0.038513515 0.994850874
17.666667 0.142811745 0.146989390 -0.058914434 -0.041304857 -0.079178832 -0.027674749 0.995619774
17.733333 0.151959687 0.151116714 -0.059683900 -0.033787668 -0.084825635 -0.018552201 0.995649993
17.800000 0.156001598 0.159043640 -0.069010235 -0.030126275 -0.086569294 -0.004922029 0.995778084
17.866667 0.150751486 0.156795830 -0.076376691 -0.034468129 -0.085652485 -0.002126743 0.995726466
17.933333 0.164526612 0.152803093 -0.096053474 -0.042995162 -0.093009576 -0.009632536 0.994689822
18.000000 0.149579257 0.127786264 -0.140196219 -0.060941782 -0.099398963 -0.050650131 0.991887391
18.066667 0.130271822 0.134057835 -0.150076404 -0.063574053 -0.091120593 -0.058029220 0.992112875
18.133333 0.126892522 0.129443377 -0.162204236 -0.069194108 -0.092947878 -0.073673055 0.990527749
18.200000 0.130658358 0.113180667 -0.178149074 -0.071021415 -0.096472077 -0.100863636 0.987661719
18.266667 0.125194043 0.107741661 -0.189947560 -0.066814162 -0.096198149 -0.105473176 0.987500489
18.333333 0.131008416 0.104505904 -0.193751082 -0.059014481 -0.093251415 -0.058545437 0.992166281
18.400000 0.128178418 0.098969035 -0.194344029 -0.065316550 -0.091364391 -0.058072593 0.991974711
18.400000 0.128178418 0.098969035 -0.194344029 -0.065316550 -0.091364391 -0.058072593 0.991974711
18.400000 0.128178418 0.098969035 -0.194344029 -0.065316550 -0.091364391 -0.058072593 0.991974711
18.400000 0.128178418 0.098969035 -0.194344029 -0.065316550 -0.091364391 -0.058072593 0.991974711
18.400000 0.128178418 0.098969035 -0.194344029 -0.065316550 -0.091364391 -0.058072593 0.991974711
18.400000 0.128178418 0.098969035 -0.194344029 -0.065316550 -0.091364391 -0.058072593 0.991974711
18.400000 0.128178418 0.098969035 -0.194344029 -0.065316550 -0.091364391 -0.058072593 0.991974711
18.400000 0.128178418 0.098969035 -0.194344029 -0.065316550 -0.091364391 -0.058072593 0.991974711
18.400000 0.128178418 0.098969035 -0.194344029 -0.065316550 -0.091364391 -0.058072593 0.991974711
18.400000 0.128178418 0.098969035 -0.194344029 -0.065316550 -0.091364391 -0.058072593 0.991974711
18.400000 0.128178418 0.098969035 -0.194344029 -0.065316550 -0.091364391 -0.058072593 0.991974711
18.400000 0.128178418 0.098969035 -0.194344029 -0.065316550 -0.091364391 -0.058072593 0.991974711
18.400000 0.128178418 0.098969035 -0.194344029 -0.065316550 -0.091364391 -0.058072593 0.991974711
18.400000 0.128178418 0.098969035 -0.194344029 -0.065316550 -0.091364391 -0.058072593 0.991974711
2.066667 0.000000000 0.000000000 0.000000000 -0.000000000 -0.000000000 -0.000000000 1.000000000
2.133333 -0.038454238 -0.112294376 0.053044129 -0.002933497 0.007727153 0.002176131 0.999963462
2.200000 -0.051169414 -0.229020074 0.084021673 -0.015406352 0.010290134 0.006195099 0.999809206
2.266667 -0.099858649 -0.345284253 0.157606289 -0.030218264 0.019637514 -0.001758447 0.999348879
2.333333 -0.098707028 -0.453336418 0.160026163 -0.046394367 0.022972438 -0.007655939 0.998629689
2.400000 -0.004567939 -0.351984918 0.157968432 -0.031164890 0.011894692 -0.018715322 0.999268234
2.466667 -0.065438442 -0.247911930 0.238301933 -0.004500845 0.017687641 -0.004132832 0.999824882
2.533333 -0.108180717 -0.209206909 0.315944642 0.009063989 0.021521082 0.005810644 0.999710441
2.600000 -0.069237135 -0.164276987 0.299199015 0.014496271 0.016717345 -0.003835512 0.999747813
2.666667 -0.050667062 -0.168440908 0.293539673 0.008738339 0.017411947 -0.021759059 0.999573469
2.733333 -0.005077294 -0.223625571 0.211632907 -0.011006080 0.022651475 -0.057733480 0.998014390
2.800000 0.038878437 -0.265190482 0.137348548 -0.022184243 0.020959456 -0.078190163 0.996471226
2.866667 0.050029438 -0.317810535 0.189341947 -0.030221878 0.022870034 -0.094605617 0.994793177
2.933333 0.029684838 -0.333588213 0.257052630 -0.025232935 0.025982928 -0.078548439 0.996252120
3.000000 0.020232735 -0.343148798 0.284334093 -0.022542473 0.026673907 -0.078325361 0.996315956
3.066667 0.031587169 -0.342816025 0.275934070 -0.019160137 0.022263667 -0.071146376 0.997033298
3.133333 0.071885467 -0.340205342 0.241792843 -0.011789896 0.013667085 -0.067093685 0.997583389
3.200000 0.065674148 -0.360154450 0.269650996 -0.007749589 0.011608318 -0.074178874 0.997147262
3.266667 0.066693157 -0.363054872 0.288064748 0.008717575 0.006351674 -0.071164928 0.997406244
3.333333 0.089275539 -0.360411793 0.269447625 0.018191345 0.000497190 -0.074252300 0.997073412
3.400000 0.087394595 -0.358253032 0.279308259 0.022531636 0.000162918 -0.084246710 0.996190131
3.466667 0.087481789 -0.375872463 0.433083028 0.025323052 0.009716501 -0.128102571 0.991389990
3.533333 0.126709446 -0.441020429 0.411966741 0.027246853 0.006976516 -0.152637780 0.987881899
3.600000 0.097366929 -0.523848593 0.322262108 0.025349997 0.005126645 -0.146846622 0.988821089
3.666667 0.102126345 -0.526135385 0.344501227 0.036067717 0.010414961 -0.143759161 0.988900363
3.733333 0.104576394 -0.527064443 0.357924074 0.043758862 0.015255705 -0.130361319 0.990382910
3.800000 0.114011988 -0.514351606 0.347302735 0.047170084 0.025247071 -0.114216022 0.992014289
3.866667 0.110019982 -0.513549626 0.369846463 0.046461921 0.021396842 -0.094921336 0.994169712
3.933333 0.107950538 -0.514323831 0.384495527 0.052048802 0.016575027 -0.088168949 0.994606674
4.000000 0.116429150 -0.515813529 0.380872995 0.052260581 0.014282755 -0.087935902 0.994651735
4.066667 0.117815726 -0.519776762 0.393981278 0.052597839 0.015053280 -0.089730196 0.994462371
4.133333 0.113520831 -0.526464760 0.398969740 0.057309270 0.019494835 -0.092794381 0.993843496
4.200000 0.111811668 -0.521440446 0.391190648 0.066946119 0.025191100 -0.093948916 0.993004143
4.266667 0.113194801 -0.520634711 0.381892800 0.070920937 0.027377876 -0.094243981 0.992642343
4.333333 0.116592161 -0.521627247 0.377913088 0.071177267 0.028123561 -0.098714270 0.992168546
4.400000 0.114318565 -0.525880098 0.400287777 0.066760615 0.031077398 -0.097157031 0.992541075
4.466667 0.117303252 -0.539792240 0.416422993 0.054416027 0.033983938 -0.090787932 0.993801594
4.533333 0.125309646 -0.548584461 0.435411423 0.046653040 0.031390019 -0.090443686 0.994312882
4.600000 0.125311255 -0.548033774 0.452874929 0.048061524 0.032062534 -0.086609915 0.994565666
4.666667 0.127088785 -0.552366257 0.465859264 0.047282703 0.031093081 -0.088341720 0.994481444
4.733333 0.129860923 -0.559320748 0.472007543 0.067331135 0.028926732 -0.127510220 0.989126384
4.800000 0.129507154 -0.561375082 0.479071796 0.074601859 0.031409245 -0.142606720 0.986464083
4.866667 0.124831885 -0.558135867 0.481295735 0.074410468 0.031409711 -0.136640608 0.987322569
4.933333 0.125692368 -0.553036809 0.471394539 0.074414864 0.030964743 -0.124177054 0.988981128
5.000000 0.127338260 -0.550977767 0.452459216 0.068892375 0.034165710 -0.118447401 0.989978194
5.066667 0.128571853 -0.548458815 0.460447848 0.055278070 0.039986048 -0.099098079 0.992736161
5.133333 0.131138697 -0.550435960 0.463658929 0.033338428 0.041108474 -0.075904220 0.995709419
5.200000 0.131156012 -0.553349912 0.470503390 0.023934444 0.037042037 -0.061677959 0.997121334
5.266667 0.134802490 -0.544959843 0.480239928 0.021039115 0.035100162 -0.053705011 0.997717977
5.333333 0.135754213 -0.541121304 0.484401405 0.011787840 0.031669352 -0.038520873 0.998686254
5.400000 0.131087735 -0.548169672 0.489552528 0.002526142 0.032708913 -0.044337135 0.998477876
5.466667 0.133567110 -0.547059417 0.494893253 0.003113564 0.030844923 -0.053469699 0.998088121
5.533333 0.132959440 -0.545253932 0.492716849 0.005867976 0.025182046 -0.065318592 0.997529447
5.600000 0.128793240 -0.550661325 0.500745118 0.007688499 0.024273083 -0.067872494 0.997369051
5.666667 0.134375289 -0.546659052 0.494532406 0.010815837 0.018816207 -0.057814211 0.998091459
5.733333 0.128123611 -0.559522390 0.540207326 0.014244291 0.014978889 -0.055260796 0.998257995
5.800000 0.127816677 -0.567136943 0.554781914 0.014410728 0.015753677 -0.050369158 0.998502433
5.866667 0.133307263 -0.568315029 0.557982266 0.022494094 0.014156960 -0.054060515 0.998183906
5.933333 0.129998118 -0.563935220 0.549667358 0.030138878 0.014194243 -0.062047102 0.997517109
6.000000 0.124824949 -0.562114060 0.544104159 0.033133022 0.018045792 -0.071221776 0.996746719
6.066667 0.125129700 -0.561067164 0.540557802 0.033845443 0.020353034 -0.077501565 0.996209681
6.133333 0.128669649 -0.562030911 0.531612098 0.031174086 0.023519130 -0.091726132 0.995018303
6.200000 0.125919580 -0.555872381 0.517380297 0.034761198 0.031750415 -0.098621637 0.994010746
6.266667 0.125606343 -0.561688006 0.515330911 0.033270564 0.038582686 -0.105332099 0.993131220
6.333333 0.133232772 -0.560841620 0.544352293 0.031350449 0.045884356 -0.103047177 0.993122935
6.400000 0.137093291 -0.557181537 0.577510178 0.031393498 0.053365748 -0.100091420 0.993049979
6.466667 0.147011906 -0.552410424 0.596371472 0.028732780 0.053092968 -0.097385719 0.993414104
6.533333 0.130511463 -0.533862412 0.598767102 0.022380384 0.058676213 -0.064553000 0.995936334
6.600000 0.125644445 -0.540045202 0.603108883 0.012335808 0.061079621 -0.059450012 0.996284485
6.666667 0.126736432 -0.552566648 0.584738970 0.001778357 0.062714733 -0.073545545 0.995316446
6.733333 0.125325263 -0.573116779 0.584728479 -0.008327253 0.056777619 -0.093947902 0.993921876
6.800000 0.114847526 -0.582138836 0.595835268 -0.013883983 0.052546021 -0.104263447 0.993063629
6.866667 0.117749512 -0.580794632 0.591279447 -0.019894006 0.042044252 -0.097890124 0.994109690
6.933333 0.115306892 -0.588489294 0.591219962 -0.027986012 0.041082650 -0.110360987 0.992647707
7.000000 0.122799896 -0.582554996 0.596233308 -0.026941990 0.035898026 -0.114692055 0.992386639
7.066667 0.133128807 -0.577891052 0.588461339 -0.024962956 0.027880091 -0.110543735 0.993166506
7.133333 0.136870295 -0.573436916 0.583610773 -0.024567496 0.022497248 -0.110947609 0.993267834
7.200000 0.135222763 -0.569932044 0.581698120 -0.023840955 0.019406898 -0.110044844 0.993451118
7.266667 0.134107396 -0.571582973 0.579807937 -0.024280066 0.017994191 -0.109312952 0.993547916
7.333333 0.130846649 -0.571373940 0.587837100 -0.023983546 0.021051321 -0.111734390 0.993225574
7.400000 0.134580091 -0.580057919 0.593355060 -0.029057791 0.028315898 -0.118133023 0.992168546
7.466667 0.127733916 -0.582371652 0.612034082 -0.032849614 0.034776594 -0.126987502 0.990750074
7.533333 0.131766006 -0.581677735 0.617630720 -0.035478905 0.036740694 -0.135079801 0.989517450
7.600000 0.141847968 -0.581925333 0.631879270 -0.042576149 0.035618402 -0.135693923 0.989194512
7.666667 0.144005656 -0.577527225 0.646319449 -0.049802393 0.043645516 -0.143955097 0.987366080
7.733333 0.158334091 -0.570817649 0.654587746 -0.051975593 0.051036030 -0.147936106 0.986310720
7.800000 0.152559832 -0.591116548 0.658665717 -0.064738832 0.057005122 -0.169314429 0.981779993
7.866667 0.133922890 -0.577195525 0.669114470 -0.061620459 0.068856664 -0.179309741 0.979443550
7.933333 0.142288670 -0.583210111 0.693091750 -0.036969248 0.055445854 -0.183130547 0.980827332
7.933333 0.142288670 -0.583210111 0.693091750 -0.036969248 0.055445854 -0.183130547 0.980827332
7.933333 0.142288670 -0.583210111 0.693091750 -0.036969248 0.055445854 -0.183130547 0.980827332
7.933333 0.142288670 -0.583210111 0.693091750 -0.036969248 0.055445854 -0.183130547 0.980827332
7.933333 0.142288670 -0.583210111 0.693091750 -0.036969248 0.055445854 -0.183130547 0.980827332
7.933333 0.142288670 -0.583210111 0.693091750 -0.036969248 0.055445854 -0.183130547 0.980827332
7.933333 0.142288670 -0.583210111 0.693091750 -0.036969248 0.055445854 -0.183130547 0.980827332
7.933333 0.142288670 -0.583210111 0.693091750 -0.036969248 0.055445854 -0.183130547 0.980827332
7.933333 0.142288670 -0.583210111 0.693091750 -0.036969248 0.055445854 -0.183130547 0.980827332
7.933333 0.142288670 -0.583210111 0.693091750 -0.036969248 0.055445854 -0.183130547 0.980827332
7.933333 0.142288670 -0.583210111 0.693091750 -0.036969248 0.055445854 -0.183130547 0.980827332
7.933333 0.142288670 -0.583210111 0.693091750 -0.036969248 0.055445854 -0.183130547 0.980827332
7.933333 0.142288670 -0.583210111 0.693091750 -0.036969248 0.055445854 -0.183130547 0.980827332
7.933333 0.142288670 -0.583210111 0.693091750 -0.036969248 0.055445854 -0.183130547 0.980827332
7.933333 0.142288670 -0.583210111 0.693091750 -0.036969248 0.055445854 -0.183130547 0.980827332
7.933333 0.142288670 -0.583210111 0.693091750 -0.036969248 0.055445854 -0.183130547 0.980827332
7.933333 0.142288670 -0.583210111 0.693091750 -0.036969248 0.055445854 -0.183130547 0.980827332
7.933333 0.142288670 -0.583210111 0.693091750 -0.036969248 0.055445854 -0.183130547 0.980827332
7.933333 0.142288670 -0.583210111 0.693091750 -0.036969248 0.055445854 -0.183130547 0.980827332
7.933333 0.142288670 -0.583210111 0.693091750 -0.036969248 0.055445854 -0.183130547 0.980827332
7.933333 0.142288670 -0.583210111 0.693091750 -0.036969248 0.055445854 -0.183130547 0.980827332
7.933333 0.142288670 -0.583210111 0.693091750 -0.036969248 0.055445854 -0.183130547 0.980827332
7.933333 0.142288670 -0.583210111 0.693091750 -0.036969248 0.055445854 -0.183130547 0.980827332
7.933333 0.142288670 -0.583210111 0.693091750 -0.036969248 0.055445854 -0.183130547 0.980827332
7.933333 0.142288670 -0.583210111 0.693091750 -0.036969248 0.055445854 -0.183130547 0.980827332
7.933333 0.142288670 -0.583210111 0.693091750 -0.036969248 0.055445854 -0.183130547 0.980827332
7.933333 0.142288670 -0.583210111 0.693091750 -0.036969248 0.055445854 -0.183130547 0.980827332
7.933333 0.142288670 -0.583210111 0.693091750 -0.036969248 0.055445854 -0.183130547 0.980827332
7.933333 0.142288670 -0.583210111 0.693091750 -0.036969248 0.055445854 -0.183130547 0.980827332
7.933333 0.142288670 -0.583210111 0.693091750 -0.036969248 0.055445854 -0.183130547 0.980827332
7.933333 0.142288670 -0.583210111 0.693091750 -0.036969248 0.055445854 -0.183130547 0.980827332
