0.000000 0.000000000 0.000000000 0.000000000 -0.000000000 -0.000000000 -0.000000000 1.000000000
0.066667 0.016947653 -0.024822963 -0.033226695 -0.008416059 -0.002151579 0.002707176 0.999958634
0.133333 0.091578633 -0.053904731 -0.131330892 -0.017157713 -0.010970463 0.004513008 0.999782443
0.200000 0.154003352 -0.089607194 -0.215427354 -0.019273683 -0.014620762 0.010249729 0.999654830
0.266667 0.175928846 -0.105113126 -0.265088499 -0.021557512 -0.017007008 0.011624686 0.999555349
0.333333 0.177181363 -0.113707893 -0.291442662 -0.022493955 -0.016443444 0.013859813 0.999515653
0.400000 0.178228647 -0.124175377 -0.322578728 -0.023798767 -0.016508222 0.015978904 0.999452770
0.466667 0.176488623 -0.128543332 -0.338643998 -0.024838809 -0.016046166 0.017719723 0.999405622
0.533333 0.167135045 -0.124835894 -0.417891383 -0.025833575 -0.015672876 0.017447349 0.999391139
0.600000 0.160391703 -0.127655312 -0.484683871 -0.027149113 -0.014827413 0.016367989 0.999387383
0.666667 0.161205307 -0.128536999 -0.564002395 -0.027808115 -0.015547511 0.019441381 0.999303281
0.733333 0.140364200 -0.146817476 -0.649341881 -0.031842720 -0.012934207 0.012033474 0.999336779
0.800000 0.130972415 -0.154845551 -0.739380360 -0.033679392 -0.010070167 0.014313268 0.999279439
0.866667 0.120275050 -0.171759397 -0.822262704 -0.036907807 -0.006191579 0.015418637 0.999180555
0.933333 0.127014443 -0.177822158 -0.911130548 -0.037131909 -0.006075466 0.020910403 0.999073148
1.000000 0.131046936 -0.176791489 -0.966939986 -0.036866240 -0.007460148 0.023660704 0.999012232
1.066667 0.125982523 -0.175264969 -0.985687137 -0.036563404 -0.006999719 0.024128793 0.999015510
1.133333 0.122727573 -0.178255886 -0.994110286 -0.037225243 -0.007009542 0.023283433 0.999011040
1.200000 0.122366048 -0.181319818 -1.019099593 -0.037156753 -0.007153480 0.023667060 0.999003530
1.266667 0.124664716 -0.191447333 -1.061359644 -0.036800329 -0.007582962 0.024551002 0.998992264
1.333333 0.129104584 -0.204263940 -1.103368163 -0.035960291 -0.006729674 0.028572103 0.998922050
1.400000 0.138490751 -0.214387536 -1.136107922 -0.036882825 -0.007356201 0.029102441 0.998868704
1.466667 0.133010432 -0.226701230 -1.147624135 -0.038975038 -0.006658958 0.029374933 0.998786151
1.533333 0.129670039 -0.242338523 -1.155790210 -0.040105864 -0.006560779 0.029339904 0.998743057
1.600000 0.118444435 -0.262983978 -1.165471196 -0.041274685 -0.005243650 0.031355716 0.998641968
1.666667 0.139300004 -0.262894988 -1.193803430 -0.041120190 -0.006952100 0.041360009 0.998273611
1.733333 0.142014474 -0.281269521 -1.215877056 -0.044065140 -0.006326866 0.043769691 0.998049319
1.800000 0.154208779 -0.295479745 -1.221325636 -0.048609909 -0.006869815 0.046891976 0.997692883
1.866667 0.154765233 -0.317147076 -1.226527929 -0.051621262 -0.007304488 0.049009770 0.997436702
1.933333 0.155135408 -0.330214858 -1.240934014 -0.052111946 -0.006265103 0.054334626 0.997142315
10.000000 1.272345066 -0.986388326 0.368120521 -0.100320376 -0.076788440 0.087330751 0.988135993
10.000000 1.272345066 -0.986388326 0.368120521 -0.100320376 -0.076788440 0.087330751 0.988135993
10.000000 1.272345066 -0.986388326 0.368120521 -0.100320376 -0.076788440 0.087330751 0.988135993
10.000000 1.272345066 -0.986388326 0.368120521 -0.100320376 -0.076788440 0.087330751 0.988135993
10.000000 1.272345066 -0.986388326 0.368120521 -0.100320376 -0.076788440 0.087330751 0.988135993
10.000000 1.272345066 -0.986388326 0.368120521 -0.100320376 -0.076788440 0.087330751 0.988135993
10.000000 1.272345066 -0.986388326 0.368120521 -0.100320376 -0.076788440 0.087330751 0.988135993
10.000000 1.272345066 -0.986388326 0.368120521 -0.100320376 -0.076788440 0.087330751 0.988135993
10.000000 1.272345066 -0.986388326 0.368120521 -0.100320376 -0.076788440 0.087330751 0.988135993
10.000000 1.272345066 -0.986388326 0.368120521 -0.100320376 -0.076788440 0.087330751 0.988135993
10.000000 1.272345066 -0.986388326 0.368120521 -0.100320376 -0.076788440 0.087330751 0.988135993
10.000000 1.272345066 -0.986388326 0.368120521 -0.100320376 -0.076788440 0.087330751 0.988135993
10.000000 1.272345066 -0.986388326 0.368120521 -0.100320376 -0.076788440 0.087330751 0.988135993
10.000000 1.272345066 -0.986388326 0.368120521 -0.100320376 -0.076788440 0.087330751 0.988135993
10.000000 1.272345066 -0.986388326 0.368120521 -0.100320376 -0.076788440 0.087330751 0.988135993
10.000000 1.272345066 -0.986388326 0.368120521 -0.100320376 -0.076788440 0.087330751 0.988135993
10.000000 1.272345066 -0.986388326 0.368120521 -0.100320376 -0.076788440 0.087330751 0.988135993
10.000000 1.272345066 -0.986388326 0.368120521 -0.100320376 -0.076788440 0.087330751 0.988135993
10.000000 1.272345066 -0.986388326 0.368120521 -0.100320376 -0.076788440 0.087330751 0.988135993
10.000000 1.272345066 -0.986388326 0.368120521 -0.100320376 -0.076788440 0.087330751 0.988135993
10.000000 1.272345066 -0.986388326 0.368120521 -0.100320376 -0.076788440 0.087330751 0.988135993
10.000000 1.272345066 -0.986388326 0.368120521 -0.100320376 -0.076788440 0.087330751 0.988135993
10.000000 1.272345066 -0.986388326 0.368120521 -0.100320376 -0.076788440 0.087330751 0.988135993
10.000000 1.272345066 -0.986388326 0.368120521 -0.100320376 -0.076788440 0.087330751 0.988135993
10.000000 1.272345066 -0.986388326 0.368120521 -0.100320376 -0.076788440 0.087330751 0.988135993
10.000000 1.272345066 -0.986388326 0.368120521 -0.100320376 -0.076788440 0.087330751 0.988135993
10.000000 1.272345066 -0.986388326 0.368120521 -0.100320376 -0.076788440 0.087330751 0.988135993
10.000000 1.272345066 -0.986388326 0.368120521 -0.100320376 -0.076788440 0.087330751 0.988135993
10.000000 1.272345066 -0.986388326 0.368120521 -0.100320376 -0.076788440 0.087330751 0.988135993
10.000000 1.272345066 -0.986388326 0.368120521 -0.100320376 -0.076788440 0.087330751 0.988135993
10.000000 1.272345066 -0.986388326 0.368120521 -0.100320376 -0.076788440 0.087330751 0.988135993
10.000000 1.272345066 -0.986388326 0.368120521 -0.100320376 -0.076788440 0.087330751 0.988135993
10.000000 1.272345066 -0.986388326 0.368120521 -0.100320376 -0.076788440 0.087330751 0.988135993
10.000000 1.272345066 -0.986388326 0.368120521 -0.100320376 -0.076788440 0.087330751 0.988135993
10.000000 1.272345066 -0.986388326 0.368120521 -0.100320376 -0.076788440 0.087330751 0.988135993
10.000000 1.272345066 -0.986388326 0.368120521 -0.100320376 -0.076788440 0.087330751 0.988135993
10.000000 1.272345066 -0.986388326 0.368120521 -0.100320376 -0.076788440 0.087330751 0.988135993
10.000000 1.272345066 -0.986388326 0.368120521 -0.100320376 -0.076788440 0.087330751 0.988135993
10.000000 1.272345066 -0.986388326 0.368120521 -0.100320376 -0.076788440 0.087330751 0.988135993
10.000000 1.272345066 -0.986388326 0.368120521 -0.100320376 -0.076788440 0.087330751 0.988135993
10.000000 1.272345066 -0.986388326 0.368120521 -0.100320376 -0.076788440 0.087330751 0.988135993
10.000000 1.272345066 -0.986388326 0.368120521 -0.100320376 -0.076788440 0.087330751 0.988135993
10.000000 1.272345066 -0.986388326 0.368120521 -0.100320376 -0.076788440 0.087330751 0.988135993
10.000000 1.272345066 -0.986388326 0.368120521 -0.100320376 -0.076788440 0.087330751 0.988135993
10.000000 1.272345066 -0.986388326 0.368120521 -0.100320376 -0.076788440 0.087330751 0.988135993
10.000000 1.272345066 -0.986388326 0.368120521 -0.100320376 -0.076788440 0.087330751 0.988135993
13.133333 0.000000000 0.000000000 0.000000000 -0.000000000 -0.000000000 -0.000000000 1.000000000
13.200000 0.017184420 0.005672486 -0.167296991 -0.001422801 -0.001232906 -0.000054668 0.999998212
13.266667 0.010562121 -0.004746335 -0.238816470 -0.002192413 -0.000139290 0.000770048 0.999997318
13.333333 0.012834149 -0.030127186 -0.345740199 -0.006017595 0.000925299 0.001634904 0.999980152
13.400000 0.009129343 -0.035631597 -0.421672732 -0.008489247 0.001128667 0.002021307 0.999961317
13.466667 0.005265407 -0.035749599 -0.433744639 -0.010978257 -0.000297658 -0.000382528 0.999939680
13.533333 0.006416029 -0.023785034 -0.451665342 -0.011370438 -0.001696441 -0.000945013 0.999933481
13.600000 0.008685933 -0.023241384 -0.453551561 -0.012308582 -0.002338499 -0.001301758 0.999920726
13.666667 0.004628347 -0.021982038 -0.450454146 -0.012343936 -0.001726714 0.000056053 0.999922335
13.733333 0.003417970 -0.021735942 -0.449052960 -0.012396375 -0.001229347 0.001114895 0.999921858
13.800000 0.004352132 -0.021819856 -0.449125469 -0.012497284 -0.001473325 0.000806805 0.999920547
13.866667 0.003458886 -0.021438707 -0.448580056 -0.012045686 -0.001008737 0.001629606 0.999925613
13.933333 0.006391980 -0.022810670 -0.451456368 -0.012351844 -0.001212244 0.001758197 0.999921441
14.000000 0.005752466 -0.022122182 -0.450308770 -0.012490854 -0.001219233 0.001541520 0.999920070
14.066667 0.006808570 -0.023092702 -0.451033354 -0.012631639 -0.001432172 0.001309304 0.999918342
14.133333 0.005099728 -0.022600166 -0.449774712 -0.012656207 -0.001247530 0.000869592 0.999918818
14.200000 0.006097547 -0.023067227 -0.450346053 -0.012559492 -0.001428255 0.001183945 0.999919415
14.266667 0.007348002 -0.022251558 -0.451365620 -0.012419869 -0.001270772 0.001946625 0.999920249
14.333333 0.009133197 -0.024387231 -0.453280032 -0.012343399 -0.001330214 0.001873547 0.999921203
14.400000 0.008485195 -0.024194621 -0.452398300 -0.012370070 -0.001195319 0.001859347 0.999921083
14.466667 0.009906201 -0.024314025 -0.454149395 -0.012084810 -0.001149067 0.002193191 0.999924004
14.533333 0.008599835 -0.023320585 -0.451445937 -0.012069494 -0.001083430 0.002289367 0.999923944
14.600000 0.007966193 -0.023158429 -0.451916873 -0.012166940 -0.001148769 0.002549994 0.999922097
14.666667 0.009150170 -0.024046447 -0.454350501 -0.012406175 -0.001324249 0.002577238 0.999918878
14.733333 0.009261784 -0.025688726 -0.456106037 -0.012796270 -0.001531885 0.001873893 0.999915242
14.800000 0.008099713 -0.026027443 -0.469327241 -0.013787325 -0.002020775 0.001719756 0.999901414
14.866667 0.007656625 -0.016735734 -0.597824693 -0.018719716 -0.002402972 0.003557910 0.999815524
14.933333 0.011798693 -0.009694031 -0.710950553 -0.021143988 -0.002541499 0.002214221 0.999770761
15.000000 0.012466672 -0.023743227 -0.807733655 -0.026426112 -0.002006404 0.002826472 0.999644756
15.066667 0.011137836 -0.033412799 -0.902697146 -0.031294402 -0.000209675 -0.000015070 0.999510169
15.133333 0.016628236 -0.043314859 -0.988352895 -0.040385999 0.000725316 0.003024870 0.999179304
15.200000 0.009557005 -0.048553009 -1.040305257 -0.048345577 0.003144039 0.004301115 0.998816431
15.266667 0.001852443 -0.057432327 -1.068634033 -0.052995633 0.005172691 0.001141366 0.998580694
15.333333 0.002340792 -0.060855515 -1.091008782 -0.055536773 0.005352181 0.002084682 0.998440146
15.400000 0.009650736 -0.067347631 -1.112512827 -0.071585968 0.004289579 0.002604608 0.997421801
15.466667 0.016667642 -0.081430577 -1.143266916 -0.090471476 0.006125256 0.001820879 0.995878577
15.533333 0.029377135 -0.095508873 -1.178044796 -0.101214670 0.006888670 0.004848870 0.994828939
15.600000 0.016029598 -0.098742872 -1.194063067 -0.111447610 0.009644723 0.002864338 0.993719399
15.666667 0.018987298 -0.104198731 -1.218082905 -0.113165826 0.008018092 0.002264870 0.993541181
15.733333 0.011309154 -0.102965675 -1.231279612 -0.117533587 0.010656176 0.003225795 0.993006527
15.800000 0.012901583 -0.111641742 -1.255706906 -0.127595395 0.014190820 0.003753993 0.991717696
15.866667 0.017203990 -0.116474725 -1.275928378 -0.137698382 0.015578268 0.006285802 0.990331769
15.933333 0.013282925 -0.116126738 -1.279896021 -0.147410259 0.017965365 0.006522579 0.988890767
16.000000 0.012447271 -0.117771506 -1.288568377 -0.150625259 0.016772665 0.006444856 0.988427639
16.066667 0.010571591 -0.120097734 -1.294539690 -0.155692369 0.017690251 0.007012739 0.987622321
16.133333 0.009258492 -0.121635467 -1.296938300 -0.156387925 0.017580030 0.004801947 0.987527609
16.200000 0.007826478 -0.122988194 -1.297068119 -0.163090557 0.017810335 0.005109394 0.986437142
16.266667 0.011859010 -0.122761339 -1.306015015 -0.168267578 0.017846998 0.005089970 0.985566676
16.333333 0.008788627 -0.124725543 -1.318326712 -0.167492568 0.022615740 0.006555170 0.985592127
16.400000 0.005566637 -0.127580047 -1.324245930 -0.171195626 0.023827286 0.010176124 0.984896362
16.466667 0.001802486 -0.126148298 -1.319849610 -0.171572968 0.024282699 0.010136471 0.984819949
16.533333 0.000914331 -0.124988660 -1.317637086 -0.171456441 0.024084961 0.010296904 0.984843433
16.600000 0.002228058 -0.125850618 -1.318616033 -0.172409773 0.023266992 0.010717934 0.984692216
16.666667 0.003094947 -0.125858650 -1.319497824 -0.173235431 0.023914075 0.012597836 0.984509468
16.733333 0.002065563 -0.125993967 -1.322163224 -0.176324382 0.023396496 0.012190765 0.983978510
16.800000 0.002328848 -0.127213687 -1.320980668 -0.188341126 0.026750123 0.017439531 0.981584430
16.866667 0.014868258 -0.140132487 -1.317200780 -0.208579153 0.029111883 0.020279333 0.977361739
16.933333 0.013216777 -0.137536943 -1.304033160 -0.219528601 0.031618625 0.023179149 0.974818051
17.000000 0.008481050 -0.133093923 -1.281513810 -0.239748061 0.037534177 0.029466223 0.969661713
17.066667 0.006074149 -0.124775589 -1.268149376 -0.250979215 0.039803870 0.029595209 0.966720879
17.133333 0.006444198 -0.133227602 -1.261856437 -0.265710264 0.041982457 0.036269113 0.962455273
17.200000 0.006273788 -0.135999009 -1.257481575 -0.277568489 0.040762663 0.040074874 0.959003747
17.266667 0.005250339 -0.135460287 -1.256013513 -0.279894143 0.040670604 0.041311577 0.958278954
17.333333 0.006303114 -0.136392355 -1.257444620 -0.281598061 0.041176960 0.047003344 0.957495570
17.400000 0.006028540 -0.139236867 -1.259403944 -0.283776730 0.041719437 0.047571927 0.956800461
17.466667 0.003936876 -0.136863649 -1.263057113 -0.282805383 0.039458450 0.044987835 0.957308829
17.533333 0.003796995 -0.137812108 -1.264577031 -0.282455444 0.037844080 0.043693338 0.957537293
17.600000 0.004016466 -0.137553886 -1.264149427 -0.281904429 0.037448242 0.045065667 0.957651615
17.666667 0.002902113 -0.137071609 -1.263280272 -0.283018172 0.035958581 0.043036260 0.957473576
17.733333 0.003505572 -0.137865394 -1.264015079 -0.284512222 0.033841506 0.041489981 0.957176149
17.800000 0.002024679 -0.139647037 -1.267583847 -0.283513933 0.032251298 0.038651660 0.957645953
17.866667 0.000167479 -0.140080288 -1.268503547 -0.282911658 0.032017846 0.036028363 0.957934141
17.933333 0.000219677 -0.139166325 -1.268132448 -0.282782316 0.032142941 0.036968697 0.957932293
18.000000 -0.000260076 -0.139093786 -1.269867778 -0.282857567 0.031765208 0.035744984 0.957969129
18.066667 -0.001442038 -0.138384461 -1.269346952 -0.281585008 0.034007225 0.037144303 0.958213806
18.133333 0.008415425 -0.150947750 -1.285114050 -0.269908607 0.034701414 0.042450573 0.961323678
18.200000 0.005691804 -0.194463611 -1.406668186 -0.217357412 0.036865253 0.031017458 0.974902391
18.266667 0.018944014 -0.218385816 -1.487001896 -0.189645573 0.024080092 0.003603042 0.981550753
18.266667 0.018944014 -0.218385816 -1.487001896 -0.189645573 0.024080092 0.003603042 0.981550753
18.266667 0.018944014 -0.218385816 -1.487001896 -0.189645573 0.024080092 0.003603042 0.981550753
18.266667 0.018944014 -0.218385816 -1.487001896 -0.189645573 0.024080092 0.003603042 0.981550753
18.266667 0.018944014 -0.218385816 -1.487001896 -0.189645573 0.024080092 0.003603042 0.981550753
18.266667 0.018944014 -0.218385816 -1.487001896 -0.189645573 0.024080092 0.003603042 0.981550753
18.266667 0.018944014 -0.218385816 -1.487001896 -0.189645573 0.024080092 0.003603042 0.981550753
18.266667 0.018944014 -0.218385816 -1.487001896 -0.189645573 0.024080092 0.003603042 0.981550753
18.266667 0.018944014 -0.218385816 -1.487001896 -0.189645573 0.024080092 0.003603042 0.981550753
18.266667 0.018944014 -0.218385816 -1.487001896 -0.189645573 0.024080092 0.003603042 0.981550753
18.266667 0.018944014 -0.218385816 -1.487001896 -0.189645573 0.024080092 0.003603042 0.981550753
18.266667 0.018944014 -0.218385816 -1.487001896 -0.189645573 0.024080092 0.003603042 0.981550753
18.266667 0.018944014 -0.218385816 -1.487001896 -0.189645573 0.024080092 0.003603042 0.981550753
18.266667 0.018944014 -0.218385816 -1.487001896 -0.189645573 0.024080092 0.003603042 0.981550753
18.266667 0.018944014 -0.218385816 -1.487001896 -0.189645573 0.024080092 0.003603042 0.981550753
18.266667 0.018944014 -0.218385816 -1.487001896 -0.189645573 0.024080092 0.003603042 0.981550753
18.266667 0.018944014 -0.218385816 -1.487001896 -0.189645573 0.024080092 0.003603042 0.981550753
18.266667 0.018944014 -0.218385816 -1.487001896 -0.189645573 0.024080092 0.003603042 0.981550753
18.266667 0.018944014 -0.218385816 -1.487001896 -0.189645573 0.024080092 0.003603042 0.981550753
18.266667 0.018944014 -0.218385816 -1.487001896 -0.189645573 0.024080092 0.003603042 0.981550753
18.266667 0.018944014 -0.218385816 -1.487001896 -0.189645573 0.024080092 0.003603042 0.981550753
18.266667 0.018944014 -0.218385816 -1.487001896 -0.189645573 0.024080092 0.003603042 0.981550753
18.266667 0.018944014 -0.218385816 -1.487001896 -0.189645573 0.024080092 0.003603042 0.981550753
18.266667 0.018944014 -0.218385816 -1.487001896 -0.189645573 0.024080092 0.003603042 0.981550753
18.266667 0.018944014 -0.218385816 -1.487001896 -0.189645573 0.024080092 0.003603042 0.981550753
18.266667 0.018944014 -0.218385816 -1.487001896 -0.189645573 0.024080092 0.003603042 0.981550753
2.066667 0.000000000 0.000000000 0.000000000 -0.000000000 -0.000000000 -0.000000000 1.000000000
2.133333 -0.001523682 0.012281931 -0.073658988 0.006925702 0.000458328 0.005762787 0.999959290
2.200000 -0.003820129 0.016005045 -0.134474710 0.008413868 0.000064092 0.007828940 0.999933958
2.266667 -0.004701347 0.017338768 -0.156480864 0.009003582 -0.000094897 0.008520570 0.999923170
2.333333 -0.005304291 0.017133940 -0.169687256 0.009409918 -0.000445307 0.009279890 0.999912620
2.400000 -0.008312991 0.018123783 -0.174981609 0.009876665 0.000028842 0.009387820 0.999907196
2.466667 -0.012555878 0.019544572 -0.199744552 0.012222832 0.000412980 0.011233329 0.999862134
2.533333 -0.005757376 0.015902117 -0.221911103 0.016585451 0.000025978 0.014937476 0.999750912
2.600000 0.009402242 0.021938760 -0.242330164 0.025848702 -0.002238533 0.012637358 0.999583483
2.666667 -0.006390304 0.030481376 -0.236038819 0.031605255 -0.000604056 0.010853622 0.999441326
2.733333 -0.010964424 0.039419614 -0.246587709 0.038408525 0.000587235 0.010004099 0.999211907
2.800000 -0.019682908 0.031460490 -0.264834255 0.041137218 0.002771768 0.009384094 0.999105632
2.866667 -0.013672635 0.037779383 -0.283834517 0.047013581 0.001812325 0.010764811 0.998834610
2.933333 -0.021541787 0.044968672 -0.300229758 0.050951995 0.003035528 0.012249345 0.998621345
20.000000 -0.226596326 0.083957061 -0.108047381 0.046246797 0.039287724 -0.004270644 0.998148024
20.000000 -0.226596326 0.083957061 -0.108047381 0.046246797 0.039287724 -0.004270644 0.998148024
20.000000 -0.226596326 0.083957061 -0.108047381 0.046246797 0.039287724 -0.004270644 0.998148024
20.000000 -0.226596326 0.083957061 -0.108047381 0.046246797 0.039287724 -0.004270644 0.998148024
20.000000 -0.226596326 0.083957061 -0.108047381 0.046246797 0.039287724 -0.004270644 0.998148024
20.000000 -0.226596326 0.083957061 -0.108047381 0.046246797 0.039287724 -0.004270644 0.998148024
20.000000 -0.226596326 0.083957061 -0.108047381 0.046246797 0.039287724 -0.004270644 0.998148024
20.000000 -0.226596326 0.083957061 -0.108047381 0.046246797 0.039287724 -0.004270644 0.998148024
20.000000 -0.226596326 0.083957061 -0.108047381 0.046246797 0.039287724 -0.004270644 0.998148024
20.000000 -0.226596326 0.083957061 -0.108047381 0.046246797 0.039287724 -0.004270644 0.998148024
20.000000 -0.226596326 0.083957061 -0.108047381 0.046246797 0.039287724 -0.004270644 0.998148024
20.000000 -0.226596326 0.083957061 -0.108047381 0.046246797 0.039287724 -0.004270644 0.998148024
20.000000 -0.226596326 0.083957061 -0.108047381 0.046246797 0.039287724 -0.004270644 0.998148024
20.000000 -0.226596326 0.083957061 -0.108047381 0.046246797 0.039287724 -0.004270644 0.998148024
20.000000 -0.226596326 0.083957061 -0.108047381 0.046246797 0.039287724 -0.004270644 0.998148024
20.000000 -0.226596326 0.083957061 -0.108047381 0.046246797 0.039287724 -0.004270644 0.998148024
20.000000 -0.226596326 0.083957061 -0.108047381 0.046246797 0.039287724 -0.004270644 0.998148024
20.000000 -0.226596326 0.083957061 -0.108047381 0.046246797 0.039287724 -0.004270644 0.998148024
20.000000 -0.226596326 0.083957061 -0.108047381 0.046246797 0.039287724 -0.004270644 0.998148024
20.000000 -0.226596326 0.083957061 -0.108047381 0.046246797 0.039287724 -0.004270644 0.998148024
20.000000 -0.226596326 0.083957061 -0.108047381 0.046246797 0.039287724 -0.004270644 0.998148024
20.000000 -0.226596326 0.083957061 -0.108047381 0.046246797 0.039287724 -0.004270644 0.998148024
20.000000 -0.226596326 0.083957061 -0.108047381 0.046246797 0.039287724 -0.004270644 0.998148024
20.000000 -0.226596326 0.083957061 -0.108047381 0.046246797 0.039287724 -0.004270644 0.998148024
20.000000 -0.226596326 0.083957061 -0.108047381 0.046246797 0.039287724 -0.004270644 0.998148024
20.000000 -0.226596326 0.083957061 -0.108047381 0.046246797 0.039287724 -0.004270644 0.998148024
20.000000 -0.226596326 0.083957061 -0.108047381 0.046246797 0.039287724 -0.004270644 0.998148024
20.000000 -0.226596326 0.083957061 -0.108047381 0.046246797 0.039287724 -0.004270644 0.998148024
20.000000 -0.226596326 0.083957061 -0.108047381 0.046246797 0.039287724 -0.004270644 0.998148024
20.000000 -0.226596326 0.083957061 -0.108047381 0.046246797 0.039287724 -0.004270644 0.998148024
20.000000 -0.226596326 0.083957061 -0.108047381 0.046246797 0.039287724 -0.004270644 0.998148024
20.000000 -0.226596326 0.083957061 -0.108047381 0.046246797 0.039287724 -0.004270644 0.998148024
20.000000 -0.226596326 0.083957061 -0.108047381 0.046246797 0.039287724 -0.004270644 0.998148024
20.000000 -0.226596326 0.083957061 -0.108047381 0.046246797 0.039287724 -0.004270644 0.998148024
20.000000 -0.226596326 0.083957061 -0.108047381 0.046246797 0.039287724 -0.004270644 0.998148024
20.000000 -0.226596326 0.083957061 -0.108047381 0.046246797 0.039287724 -0.004270644 0.998148024
20.000000 -0.226596326 0.083957061 -0.108047381 0.046246797 0.039287724 -0.004270644 0.998148024
20.000000 -0.226596326 0.083957061 -0.108047381 0.046246797 0.039287724 -0.004270644 0.998148024
20.000000 -0.226596326 0.083957061 -0.108047381 0.046246797 0.039287724 -0.004270644 0.998148024
20.000000 -0.226596326 0.083957061 -0.108047381 0.046246797 0.039287724 -0.004270644 0.998148024
20.000000 -0.226596326 0.083957061 -0.108047381 0.046246797 0.039287724 -0.004270644 0.998148024
20.000000 -0.226596326 0.083957061 -0.108047381 0.046246797 0.039287724 -0.004270644 0.998148024
20.000000 -0.226596326 0.083957061 -0.108047381 0.046246797 0.039287724 -0.004270644 0.998148024
20.000000 -0.226596326 0.083957061 -0.108047381 0.046246797 0.039287724 -0.004270644 0.998148024
20.000000 -0.226596326 0.083957061 -0.108047381 0.046246797 0.039287724 -0.004270644 0.998148024
20.000000 -0.226596326 0.083957061 -0.108047381 0.046246797 0.039287724 -0.004270644 0.998148024
23.133333 0.000000000 0.000000000 0.000000000 -0.000000000 -0.000000000 -0.000000000 1.000000000
23.200000 0.046772823 -0.000410243 -0.007476428 -0.000211927 -0.004716372 -0.001168396 0.999988198
23.266667 -0.045552865 -0.011486815 0.012166822 -0.001669992 0.004735858 0.000809927 0.999987066
23.333333 -0.052674219 -0.007552886 0.013286136 -0.001243740 0.005097185 0.002543026 0.999983013
23.400000 -0.056048471 -0.007165435 0.019126911 -0.000982043 0.005847363 0.002019918 0.999980390
23.466667 -0.060613506 -0.007395844 0.023617655 -0.001181270 0.006735316 0.001817396 0.999975026
23.533333 -0.068626933 -0.011019318 0.029759683 -0.001550382 0.007407702 0.002149514 0.999969065
23.600000 -0.068253331 -0.012233611 0.029502273 -0.002108179 0.008275559 0.001002661 0.999963045
23.666667 -0.050514352 -0.008513351 0.032253966 -0.001462950 0.006006603 0.001084954 0.999980330
23.733333 -0.049948849 -0.006556629 0.033464324 -0.001256533 0.005786004 0.001253080 0.999981761
23.800000 -0.053927023 -0.010255427 0.042403884 -0.002040861 0.007944826 -0.000912226 0.999965966
23.866667 -0.055563949 -0.011213408 0.046012770 -0.002204482 0.008923747 -0.002918472 0.999953508
23.933333 -0.043416500 -0.003990623 0.045331147 -0.001488188 0.007950480 -0.003658888 0.999960601
24.000000 -0.044354197 -0.009445808 0.049163345 -0.002185040 0.008688802 -0.004801305 0.999948382
24.066667 -0.014709118 0.001849766 0.052234765 -0.000983458 0.007112255 -0.007145853 0.999948680
24.133333 -0.021695986 -0.000674065 0.055684984 -0.001634403 0.008331579 -0.008096895 0.999931157
24.200000 -0.021854460 0.000236512 0.052280087 -0.001128815 0.007117936 -0.006161761 0.999955118
24.266667 -0.034081258 -0.001472862 0.044673774 -0.001090967 0.005890662 -0.002161671 0.999979734
24.333333 -0.039611466 0.005656111 0.036592528 -0.000355810 0.004622419 0.001893930 0.999987483
24.400000 -0.029436000 -0.013506845 0.087028340 -0.001939623 0.006466745 0.006576052 0.999955654
24.466667 -0.016763814 -0.019718528 0.127332434 -0.002166054 0.005658112 0.011907611 0.999910772
24.533333 -0.018151097 -0.022659618 0.137632042 -0.003126706 0.005552085 0.018641191 0.999805987
24.600000 -0.019301102 -0.018645318 0.136623800 -0.003227101 0.006216820 0.015123665 0.999861121
24.666667 -0.023466974 -0.021531748 0.139876217 -0.003569611 0.007184885 0.015337222 0.999850214
24.733333 -0.019760065 -0.017807534 0.138831809 -0.003264729 0.008547037 0.010076262 0.999907434
24.800000 -0.017294345 -0.007887205 0.148292691 -0.002033988 0.008637561 0.007153510 0.999935031
24.866667 -0.006654297 -0.009873264 0.148064688 -0.003021965 0.005750324 0.009057919 0.999937892
24.933333 -0.005445905 -0.008875949 0.143872470 -0.003519106 0.005074579 0.008897941 0.999941409
25.000000 -0.010362613 -0.007902829 0.152245909 -0.004375760 0.005826323 0.002907597 0.999969244
25.066667 -0.013117523 0.012006062 0.146390542 -0.003418506 0.005762009 -0.001285037 0.999976754
25.133333 -0.014696307 0.011919823 0.149559841 -0.003697625 0.006843046 -0.005865506 0.999952555
25.200000 0.003321253 0.015683396 0.147795260 -0.003866680 0.008515282 -0.015828714 0.999831021
25.266667 0.033768453 0.026463436 0.156519249 -0.002735818 0.008047008 -0.021680588 0.999728858
25.333333 0.034054387 0.026742185 0.157168835 -0.002564567 0.008124184 -0.022338921 0.999714196
25.400000 0.034941655 0.023906862 0.150113523 -0.002479447 0.008976156 -0.025886662 0.999621511
25.466667 0.043592487 0.025127718 0.139825702 -0.002248236 0.008017622 -0.027855549 0.999577284
25.533333 0.051309418 0.021180138 0.127908155 -0.002849752 0.007222785 -0.029791184 0.999526024
25.600000 0.046813779 0.020005925 0.123390026 -0.006796544 0.007469587 -0.030999316 0.999468446
25.666667 0.038086124 0.024436310 0.135623932 -0.008857337 0.007969194 -0.035921212 0.999283612
25.733333 0.013447933 0.026759293 0.148595214 -0.013752112 0.009363451 -0.039623976 0.999076188
25.800000 0.027951565 0.041114379 0.143196210 -0.016263336 0.007635874 -0.042294819 0.998943627
25.866667 0.018887974 0.050719451 0.163138911 -0.025469379 0.007177185 -0.044991758 0.998636842
25.933333 0.031983979 0.072469577 0.148038596 -0.033483293 0.003432382 -0.048512377 0.998255312
26.000000 0.035149705 0.069345571 0.171428412 -0.040630188 0.002875788 -0.056981239 0.997544050
26.066667 0.033180848 0.070925444 0.175355211 -0.039432812 0.004571069 -0.058618851 0.997490823
26.133333 0.030933253 0.071948931 0.178539068 -0.039146941 0.004896963 -0.058957480 0.997480631
26.200000 0.041477650 0.089469872 0.160273612 -0.017220445 0.004151958 -0.053434793 0.998414218
26.266667 0.045501508 0.083111919 0.119403563 -0.013350480 0.005001600 -0.054115389 0.998432934
26.333333 0.030156832 0.063848875 0.092270516 -0.015635235 0.007067490 -0.050222062 0.998590708
26.400000 0.020352025 0.048157733 0.062331241 -0.017409692 0.006311248 -0.052267645 0.998461425
26.466667 0.009835059 0.043299690 0.034553707 -0.018030457 0.006464194 -0.052101284 0.998458087
26.533333 0.004815242 0.046047047 0.023666421 -0.017654352 0.006316314 -0.051445574 0.998499811
26.600000 -0.001345628 0.047554042 0.019521940 -0.018069368 0.007252393 -0.050732400 0.998522460
26.666667 -0.010894229 0.052366909 0.007078986 -0.017435573 0.007872520 -0.050445031 0.998543620
26.733333 -0.012754248 0.051267564 0.003131910 -0.017698642 0.008056894 -0.050430972 0.998538196
26.800000 -0.016015697 0.048416350 0.000250708 -0.016220801 0.007778073 -0.049584907 0.998607874
26.866667 -0.015366795 0.048322313 -0.005793979 -0.016130427 0.007215306 -0.048824482 0.998651087
26.933333 -0.025448943 0.047598563 -0.045994256 -0.012509395 0.007196820 -0.050585635 0.998615444
27.000000 -0.032659505 0.043594200 -0.076295219 -0.005461595 0.006998762 -0.052665647 0.998572767
27.066667 -0.026603824 0.012669367 -0.140763283 0.007390634 -0.007987476 -0.040206928 0.999132156
27.066667 -0.026603824 0.012669367 -0.140763283 0.007390634 -0.007987476 -0.040206928 0.999132156
27.066667 -0.026603824 0.012669367 -0.140763283 0.007390634 -0.007987476 -0.040206928 0.999132156
27.066667 -0.026603824 0.012669367 -0.140763283 0.007390634 -0.007987476 -0.040206928 0.999132156
27.066667 -0.026603824 0.012669367 -0.140763283 0.007390634 -0.007987476 -0.040206928 0.999132156
27.066667 -0.026603824 0.012669367 -0.140763283 0.007390634 -0.007987476 -0.040206928 0.999132156
27.066667 -0.026603824 0.012669367 -0.140763283 0.007390634 -0.007987476 -0.040206928 0.999132156
27.066667 -0.026603824 0.012669367 -0.140763283 0.007390634 -0.007987476 -0.040206928 0.999132156
27.066667 -0.026603824 0.012669367 -0.140763283 0.007390634 -0.007987476 -0.040206928 0.999132156
27.066667 -0.026603824 0.012669367 -0.140763283 0.007390634 -0.007987476 -0.040206928 0.999132156
27.066667 -0.026603824 0.012669367 -0.140763283 0.007390634 -0.007987476 -0.040206928 0.999132156
3.066667 0.000000000 0.000000000 0.000000000 -0.000000000 -0.000000000 -0.000000000 1.000000000
3.133333 -0.005692936 0.001641353 -0.024723623 0.000394251 0.000023641 0.001122862 0.999999285
3.200000 -0.098311767 -0.001011717 -0.025535157 -0.000008989 0.013369288 0.001443826 0.999909580
3.266667 -0.104940899 0.001576854 -0.054396164 0.001213472 0.013940069 0.001424117 0.999901116
3.333333 -0.103990287 0.003932494 -0.058800641 0.001388936 0.013891570 0.002361059 0.999899745
3.400000 -0.104619458 0.003759003 -0.058865450 0.000725139 0.014359616 0.002164504 0.999894321
3.466667 -0.103269801 0.002207284 -0.060377106 0.000130189 0.013816182 0.001498472 0.999903440
3.533333 -0.103663467 0.001617538 -0.059227291 -0.000036650 0.014205383 0.000896460 0.999898672
3.600000 -0.104152493 0.001564929 -0.062768742 -0.001347537 0.014007183 0.001490655 0.999899864
3.666667 -0.103451535 0.000111685 -0.075618729 -0.011275305 0.013667624 0.001988078 0.999841094
3.733333 -0.104890786 0.003923421 -0.086283103 -0.011377847 0.013557823 0.003046751 0.999838710
3.800000 -0.106343821 0.003139094 -0.084515259 -0.011916551 0.013617795 0.003514136 0.999830127
3.866667 -0.105851039 0.004494344 -0.087589018 -0.012310548 0.013745962 0.002945441 0.999825418
3.933333 -0.109472640 0.002639775 -0.096935339 -0.013275967 0.013857701 0.003659687 0.999809146
4.000000 -0.099532284 0.009413769 -0.122340694 -0.010820804 0.012507357 0.003386446 0.999857485
4.066667 -0.094805472 0.012837230 -0.130697027 -0.010041724 0.011365878 0.002836651 0.999880970
4.133333 -0.095769599 0.012707692 -0.131464049 -0.010090830 0.011095370 0.002377351 0.999884725
4.200000 -0.099920951 0.012203074 -0.130509704 -0.010612450 0.011264456 0.001388976 0.999879301
4.266667 -0.099375173 0.016593929 -0.129370570 -0.004684902 0.010679127 0.000671584 0.999931812
4.333333 -0.092342891 0.019185966 -0.140113875 0.007859148 0.010370390 0.000028923 0.999915361
4.400000 -0.091932140 0.019935738 -0.141002938 0.019182159 0.012602810 -0.002236724 0.999734104
4.466667 -0.086590417 0.025270354 -0.150456265 0.025076013 0.011356241 -0.002464100 0.999618053
4.533333 -0.091262013 0.024960505 -0.153703481 0.026657503 0.012859876 -0.000306662 0.999561846
4.600000 -0.093293577 0.023966834 -0.154484510 0.025959807 0.012378085 0.001319494 0.999585450
4.666667 -0.091545865 0.024799114 -0.158229396 0.025492258 0.011371540 0.001397655 0.999609351
4.733333 -0.094644502 0.024392404 -0.159477577 0.024915369 0.013037903 0.001111742 0.999603927
4.800000 -0.094010569 0.024365243 -0.159546435 0.024560388 0.012204842 0.000777435 0.999623597
4.866667 -0.094077513 0.024854012 -0.160378426 0.026129453 0.012830952 0.000357572 0.999576151
4.933333 -0.091340601 0.028214758 -0.167524993 0.028303886 0.009007499 0.001688724 0.999557376
5.000000 -0.088472567 0.030755792 -0.178666458 0.032479063 0.008650293 0.002031378 0.999432981
5.066667 -0.086519338 0.033063918 -0.189341471 0.036679972 0.006265210 0.002331916 0.999304712
5.133333 -0.086982034 0.039278895 -0.198146522 0.043459523 0.007122903 0.004665879 0.999018908
5.200000 -0.088242576 0.041345697 -0.203976110 0.045370411 0.005925384 0.004959946 0.998940349
5.266667 -0.086611956 0.041564193 -0.209229499 0.046863325 0.003025683 0.004994255 0.998884261
5.333333 -0.083419189 0.047263466 -0.217927679 0.051323112 -0.000300311 0.004136380 0.998673499
5.400000 -0.085422307 0.047323361 -0.220697567 0.052623827 -0.003322476 0.006864796 0.998585284
5.466667 -0.079327434 0.058106437 -0.235007286 0.058076121 -0.007512538 0.005571665 0.998268366
5.533333 -0.093908958 0.054277781 -0.315005988 0.059248935 -0.013618713 -0.000476743 0.998150229
5.600000 -0.117347941 0.048518337 -0.383646905 0.061735120 -0.012963713 0.001517210 0.998007238
5.666667 -0.127995998 0.041718122 -0.434317023 0.062411632 -0.014254207 -0.001090807 0.997948110
5.733333 -0.139095560 0.037956879 -0.481730998 0.061326172 -0.017443221 -0.009205761 0.997922897
5.800000 -0.149706513 0.038442235 -0.518680155 0.064036123 -0.016682670 -0.008105386 0.997775257
5.866667 -0.155083850 0.036672287 -0.555793285 0.064317890 -0.017350860 -0.007480895 0.997750580
5.933333 -0.160415590 0.030166574 -0.575033486 0.064328499 -0.014899935 -0.009721370 0.997770190
6.000000 -0.162792206 0.020962371 -0.585128844 0.067287706 -0.008653733 -0.008466924 0.997660160
6.066667 -0.160468042 0.019259535 -0.596534908 0.069623202 -0.005168494 -0.009676542 0.997513056
6.133333 -0.160048351 0.018902421 -0.596813619 0.069941819 -0.004981567 -0.010195889 0.997486532
6.200000 -0.161270767 0.017120454 -0.594882131 0.069278397 -0.004755928 -0.010501702 0.997530818
6.266667 -0.161599368 0.016930232 -0.594844580 0.069304436 -0.004718289 -0.010266266 0.997531593
6.333333 -0.163035259 0.016274242 -0.593464196 0.069085531 -0.004462555 -0.009861720 0.997552037
6.400000 -0.161806032 0.017736062 -0.594791830 0.069589548 -0.005440818 -0.009214256 0.997518301
6.466667 -0.162495777 0.016531339 -0.594139099 0.069496915 -0.005114422 -0.008895643 0.997529387
6.533333 -0.161125973 0.016636971 -0.593711615 0.069685124 -0.005632192 -0.009118588 0.997511506
6.600000 -0.159820154 0.017680449 -0.595871568 0.069690704 -0.005703703 -0.008517269 0.997515976
6.666667 -0.160242468 0.015470067 -0.593351781 0.069937147 -0.005841137 -0.009705912 0.997487128
6.733333 -0.152402297 0.019228945 -0.602735460 0.074604288 -0.004927836 -0.007628596 0.997171879
6.800000 -0.150899783 0.019889558 -0.604718268 0.079047069 -0.006078537 -0.006812471 0.996829093
6.866667 -0.154503599 0.017196340 -0.599873960 0.085921906 -0.004327008 -0.006291136 0.996272624
6.933333 -0.151811406 0.019678857 -0.603183627 0.090569548 -0.004156715 -0.003769926 0.995874345
7.000000 -0.141270429 0.029182792 -0.617588401 0.097057953 -0.006580572 -0.000387537 0.995256901
7.066667 -0.140239552 0.030532608 -0.619346559 0.102903962 -0.005728035 -0.002865480 0.994670749
7.133333 -0.140232831 0.030418072 -0.619018495 0.107061006 -0.005711371 -0.002160077 0.994233727
7.200000 -0.134759992 0.036332671 -0.627307534 0.110832900 -0.007773030 -0.000178252 0.993808627
7.266667 -0.134948045 0.035916992 -0.628077269 0.111528531 -0.008179092 -0.002360793 0.993724763
7.333333 -0.139982775 0.031759001 -0.621951997 0.113678887 -0.009694817 -0.000352917 0.993470192
7.400000 -0.141548157 0.032637604 -0.624763846 0.113882229 -0.009800925 0.002001714 0.993443906
7.466667 -0.140682593 0.030468300 -0.628484607 0.111788437 -0.011100806 0.000486447 0.993669927
7.533333 -0.144964039 0.028817469 -0.631381035 0.112599269 -0.010272259 0.000974834 0.993586957
7.600000 -0.142185807 0.031255744 -0.639222682 0.112902567 -0.012701321 -0.000173647 0.993524849
7.666667 -0.138668478 0.031210624 -0.650199294 0.111150131 -0.016937140 -0.003455656 0.993653297
7.733333 -0.149153665 0.038893681 -0.663983464 0.113284118 -0.017820964 -0.004896903 0.993390739
7.800000 -0.159118295 0.033638090 -0.669299245 0.111103475 -0.015123853 -0.007908634 0.993662298
7.866667 -0.162930474 0.035672944 -0.679556191 0.110436663 -0.016988005 -0.009666127 0.993690968
7.933333 -0.167152062 0.051788729 -0.704750717 0.108767182 -0.016127514 0.002066973 0.993934274
8.000000 -0.175614402 0.071528420 -0.742519498 0.108195364 -0.013149561 0.036162678 0.993384719
8.066667 -0.191611171 0.074507393 -0.762991250 0.109492794 -0.008835495 0.046950001 0.992838860
8.133333 -0.205194667 0.077852637 -0.785342038 0.108167410 -0.004124525 0.050320864 0.992849767
8.200000 -0.211793005 0.078767620 -0.793300688 0.108899631 -0.003453881 0.058107074 0.992347002
8.266667 -0.213071868 0.075657055 -0.791149259 0.106565237 -0.002483670 0.055442691 0.992755711
8.333333 -0.211254001 0.075910032 -0.792158067 0.105538532 -0.003854377 0.054953955 0.992888153
8.400000 -0.211925685 0.074670106 -0.790554345 0.105458871 -0.003862547 0.054292403 0.992932975
8.466667 -0.213115096 0.075212747 -0.792415917 0.103091821 -0.003867528 0.056418709 0.993062973
8.533333 -0.210023716 0.076129958 -0.797761083 0.101292387 -0.005230691 0.053700436 0.993392587
8.600000 -0.209484667 0.079797484 -0.801548421 0.101780415 -0.006404226 0.053070817 0.993369639
8.666667 -0.204919606 0.088135935 -0.814542472 0.103476234 -0.008797320 0.049947158 0.993338108
8.733333 -0.203350067 0.095575668 -0.826256096 0.103405528 -0.009824933 0.048264522 0.993418992
8.800000 -0.208839014 0.092037112 -0.824146152 0.099997498 -0.006955124 0.050037779 0.993704379
8.866667 -0.196776628 0.103430443 -0.845397830 0.102690592 -0.009671152 0.035067569 0.994047999
8.933333 -0.195419222 0.114093810 -0.863811135 0.111598000 -0.007747918 0.027489448 0.993342936
9.000000 -0.206408709 0.114959441 -0.867692411 0.123794243 -0.000417131 0.020450706 0.992097080
9.066667 -0.199754789 0.113552853 -0.875642240 0.135286942 0.001957358 0.018760236 0.990626931
9.133333 -0.199214354 0.117332056 -0.884076595 0.141121715 0.002306810 0.026218761 0.989642322
9.200000 -0.192473903 0.121250823 -0.899211228 0.141884342 0.001028517 0.020216398 0.989676237
9.266667 -0.192996606 0.118453622 -0.898293018 0.140320346 0.001146469 0.017924026 0.989943266
9.333333 -0.191712305 0.118322492 -0.900020123 0.138631433 0.001177612 0.015102219 0.990228236
9.400000 -0.193938136 0.114501268 -0.900877476 0.138849720 0.002475816 0.014956073 0.990197420
9.466667 -0.194609269 0.113864839 -0.900205076 0.138740703 0.003056351 0.014525671 0.990217507
9.533333 -0.197313175 0.113819785 -0.897327900 0.140552863 0.002629843 0.019824281 0.989871204
9.600000 -0.198836803 0.114089921 -0.896635830 0.142767832 0.002694739 0.021214979 0.989525139
9.666667 -0.198765084 0.116316296 -0.900143385 0.142801017 0.004023700 0.018101310 0.989577711
9.733333 -0.192287073 0.129028007 -0.913793266 0.144966736 0.002758667 0.017586740 0.989276409
9.800000 -0.183752701 0.144336194 -0.931718767 0.144786671 -0.002081196 0.018087728 0.989295363
9.866667 -0.188473389 0.153255284 -0.931513071 0.151247248 0.000668505 0.022574989 0.988237977
9.933333 -0.191698045 0.169878155 -0.932159543 0.161245778 0.003490445 0.029124109 0.986478329
