0.000000 0.000000000 0.000000000 0.000000000 -0.000000000 -0.000000000 -0.000000000 1.000000000
0.066667 0.000038153 -0.000018231 0.000037581 -0.000059871 -0.000314708 -0.000344925 0.999999881
0.133333 0.005123708 -0.035040133 0.005634262 -0.139232948 -0.029636640 -0.003367288 0.989810348
0.200000 0.003232680 -0.036408395 0.009307728 -0.138998240 -0.027239632 -0.008095416 0.989884794
0.266667 0.002277169 -0.032266296 0.009915545 -0.119563289 -0.022146808 -0.007391710 0.992552042
0.333333 0.001531241 -0.029128298 0.009870239 -0.104486443 -0.018447358 -0.008352083 0.994320154
0.400000 0.003025985 -0.024721539 0.012097985 -0.086227722 -0.022564149 -0.010355312 0.995966077
0.466667 0.004668959 -0.021793239 0.013503403 -0.073587045 -0.027180569 -0.009157280 0.996876299
0.533333 0.005937170 -0.019379200 0.015101979 -0.063481711 -0.032046191 -0.008725011 0.997430205
0.600000 0.005230140 -0.016796567 0.017617146 -0.052248258 -0.027388956 -0.010601181 0.998202205
0.666667 0.003576915 -0.015743127 0.018720895 -0.046011910 -0.022175407 -0.011768330 0.998625457
0.733333 0.003423759 -0.014424439 0.020151028 -0.038377099 -0.022855900 -0.012125578 0.998928368
0.800000 0.002798632 -0.010844608 0.022412119 -0.019758569 -0.023016697 -0.013899442 0.999443173
0.866667 0.003935140 -0.007443979 0.024734253 -0.001620795 -0.029856255 -0.013856244 0.999456882
0.933333 0.002319955 -0.006766799 0.026552299 0.001095104 -0.024423368 -0.015082608 0.999587297
1.000000 0.004214064 -0.005585464 0.030059293 0.011619313 -0.029571980 -0.010245160 0.999442637
1.066667 0.004173916 -0.001910087 0.034185044 0.035179339 -0.028024750 -0.007949750 0.998956382
1.133333 0.004186618 0.002154800 0.038828112 0.059327416 -0.029193925 -0.006254148 0.997792006
1.200000 0.003434819 0.002795344 0.040422298 0.064522803 -0.026000500 -0.006038984 0.997559190
1.266667 0.003846040 0.003064435 0.041012250 0.066264212 -0.024018563 -0.006109420 0.997494280
1.333333 0.004567095 0.002635518 0.041539118 0.065856554 -0.020696064 -0.006835436 0.997591078
1.400000 0.005359003 0.002198046 0.043003768 0.068927065 -0.022256467 -0.008515055 0.997337043
1.466667 0.003845116 0.003535901 0.044838149 0.082995348 -0.018987119 -0.011109943 0.996307135
1.533333 0.006163121 0.007295211 0.048664164 0.106151141 -0.025627928 -0.013252325 0.993931353
1.600000 0.009291915 0.011454674 0.054137520 0.129255548 -0.034883574 -0.016430007 0.990861356
1.666667 0.009973973 0.012585806 0.058054350 0.138796300 -0.035145644 -0.019434327 0.989506304
1.733333 0.012286646 0.014179739 0.063962296 0.154301107 -0.040374931 -0.018813875 0.987019300
1.800000 0.016745459 0.014209889 0.068663329 0.159281999 -0.044392880 -0.014445978 0.986128747
1.866667 0.019014979 0.012742452 0.071626700 0.154325113 -0.042025995 -0.013515078 0.987033367
1.933333 0.021218609 0.010288315 0.074886568 0.144146144 -0.041663647 -0.016494716 0.988541365
2.000000 0.017798390 0.008730730 0.078548074 0.139296860 -0.027183197 -0.023876924 0.989589512
2.066667 0.016631154 0.007312881 0.080413148 0.134655088 -0.025876621 -0.029269323 0.990122080
2.133333 0.015922135 0.005968555 0.081717603 0.128052279 -0.023715911 -0.036776736 0.990801513
2.200000 0.016554791 0.005197498 0.083288878 0.122058965 -0.025629200 -0.039655313 0.991399169
2.266667 0.017272267 0.005148213 0.086632736 0.121615484 -0.025975749 -0.046433561 0.991150320
2.333333 0.014384365 0.006304275 0.088879094 0.121754907 -0.015581463 -0.058027282 0.990740061
2.400000 0.013831348 0.005148686 0.091241963 0.110249296 -0.013238332 -0.064262994 0.991735935
2.466667 0.015097971 0.002240997 0.095872983 0.094120026 -0.017151821 -0.073504336 0.992695510
2.533333 0.015813600 0.000079426 0.097456738 0.082559273 -0.019645892 -0.076655209 0.993439496
2.600000 0.016364917 -0.000299724 0.100761175 0.075935826 -0.022943158 -0.089539096 0.992819309
2.666667 0.017031506 -0.001683098 0.104392059 0.068346620 -0.029305650 -0.090246089 0.993139267
2.733333 0.017453134 -0.004090976 0.107293077 0.051329520 -0.034291167 -0.089235693 0.994095802
2.800000 0.016942760 -0.006949505 0.109750807 0.032277189 -0.036319941 -0.086587138 0.995058656
2.866667 0.016030064 -0.009715334 0.112899393 0.011392618 -0.036240727 -0.086183228 0.995554745
2.933333 0.013879021 -0.014724235 0.119343042 -0.022645872 -0.033181679 -0.089816883 0.995147765
3.000000 0.012639161 -0.017308263 0.125680149 -0.041620981 -0.041464433 -0.087376110 0.994441509
3.066667 0.012686232 -0.017332893 0.125668049 -0.041439872 -0.041623496 -0.087126851 0.994464278
3.133333 0.012809251 -0.017336944 0.125641555 -0.041474134 -0.041966539 -0.087221123 0.994440138
3.200000 0.012878659 -0.017312419 0.125519291 -0.041311830 -0.042024467 -0.085699745 0.994576752
3.266667 0.012868434 -0.017066188 0.125602305 -0.038652122 -0.042195190 -0.082010061 0.994987428
3.333333 0.013031147 -0.017093720 0.125527859 -0.038965020 -0.042709265 -0.082921885 0.994877696
3.400000 0.012919435 -0.016814800 0.125505656 -0.037789874 -0.042424966 -0.081111997 0.995084405
3.466667 0.013208383 -0.016661389 0.125481889 -0.035937537 -0.043588385 -0.077592239 0.995383322
3.533333 0.013050116 -0.016832314 0.125547960 -0.036665633 -0.043077588 -0.076741129 0.995445013
3.600000 0.012970485 -0.016073547 0.125215441 -0.033366919 -0.042633265 -0.073142774 0.995850980
3.666667 0.013021697 -0.016265515 0.125039771 -0.033347975 -0.043270420 -0.069520354 0.996083617
3.733333 0.012966472 -0.016158950 0.125240549 -0.033013131 -0.043067623 -0.070053868 0.996066153
3.800000 0.012878804 -0.016068788 0.125036091 -0.032547735 -0.042075247 -0.068319179 0.996244371
3.866667 0.012810799 -0.016147586 0.125194609 -0.032479800 -0.042720284 -0.067515254 0.996273935
3.933333 0.012320397 -0.015863858 0.124403656 -0.029150866 -0.043253593 -0.064710796 0.996539950
4.000000 0.010217617 -0.016751396 0.123782858 -0.027114807 -0.043943133 -0.063815102 0.996625006
4.066667 0.008636456 -0.015288415 0.127421811 -0.023630328 -0.045428168 -0.064151011 0.996625602
4.133333 0.008584920 -0.015692810 0.128121912 -0.025958743 -0.046059538 -0.064195685 0.996535778
4.200000 0.008216782 -0.015425816 0.129469678 -0.022944275 -0.048847824 -0.059517719 0.996767342
4.266667 0.006382091 -0.015764246 0.131338164 -0.025359780 -0.045415863 -0.058395457 0.996937454
4.333333 0.006678471 -0.017939927 0.134221300 -0.037914816 -0.050113432 -0.060311098 0.996199608
4.400000 0.005267364 -0.020371044 0.138673663 -0.052650928 -0.049303453 -0.063587062 0.995366156
4.466667 0.003410070 -0.023855222 0.141983286 -0.066733211 -0.050304726 -0.067192577 0.994234025
4.533333 0.001860025 -0.023156874 0.143925577 -0.062335007 -0.047872975 -0.067302436 0.994632065
4.600000 -0.001604395 -0.025411764 0.147236213 -0.072530292 -0.040159851 -0.076013863 0.993654072
4.666667 -0.002714226 -0.025247756 0.150594264 -0.071710795 -0.039580457 -0.077439561 0.993626773
4.733333 -0.002970600 -0.024883373 0.150923505 -0.069859959 -0.038983293 -0.076962084 0.993819296
4.800000 -0.003816848 -0.023223722 0.152449846 -0.061759185 -0.037824370 -0.074867435 0.994560242
4.866667 -0.003865219 -0.023054229 0.152720928 -0.061203498 -0.037739821 -0.074911073 0.994594514
4.933333 -0.005753173 -0.022385936 0.154233515 -0.060181711 -0.030614056 -0.076918043 0.994748473
5.000000 -0.008272285 -0.024009489 0.158096090 -0.077314265 -0.020117162 -0.083512396 0.993299305
5.066667 -0.010813033 -0.021442499 0.163618803 -0.087943003 -0.006731284 -0.087790869 0.992226541
5.133333 -0.013859701 -0.022446638 0.171321377 -0.118585892 0.007751962 -0.089075260 0.988909960
5.200000 -0.017495891 -0.029316107 0.178604588 -0.162453845 0.020355990 -0.088363372 0.982540727
5.266667 -0.018227443 -0.024436854 0.179993063 -0.165960580 0.026481800 -0.083212249 0.982258379
5.333333 -0.018774256 -0.023839639 0.181402460 -0.175003424 0.031751212 -0.080926001 0.980722487
5.400000 -0.019214746 -0.028760413 0.183221608 -0.194780707 0.033354741 -0.076537497 0.977287054
5.466667 -0.020373706 -0.028649405 0.186029047 -0.197444633 0.037391286 -0.078903310 0.976417840
5.533333 -0.022043779 -0.028803762 0.188121557 -0.201978415 0.044670813 -0.083735034 0.974780858
5.600000 -0.024341967 -0.031082463 0.191550970 -0.218062237 0.054717634 -0.089211829 0.970307231
5.666667 -0.025900459 -0.034230404 0.195377544 -0.236014456 0.059020925 -0.091469973 0.965632915
5.733333 -0.025675351 -0.035756469 0.200829968 -0.250072390 0.053972594 -0.097815678 0.961760283
5.800000 -0.027901758 -0.036193803 0.204101816 -0.255281895 0.053222984 -0.099797495 0.960228562
5.866667 -0.024373259 -0.036990546 0.208872825 -0.264844716 0.035132937 -0.097053587 0.958751023
5.933333 -0.023109857 -0.039433509 0.212943763 -0.273566186 0.017270053 -0.101048887 0.956374645
6.000000 -0.022397563 -0.041728638 0.216815814 -0.274738908 0.007254688 -0.104394190 0.955807388
6.066667 -0.022381565 -0.040517941 0.215690076 -0.260666519 0.004197819 -0.104304880 0.959768653
6.133333 -0.020998236 -0.040021561 0.215025604 -0.253648609 0.005103195 -0.104670227 0.961603105
6.200000 -0.021852933 -0.039733283 0.214703530 -0.249941424 0.014157782 -0.106619529 0.962268710
6.266667 -0.021538891 -0.039620139 0.214604557 -0.249451041 0.013382714 -0.106765538 0.962390900
6.333333 -0.021874107 -0.039740533 0.214439005 -0.250467628 0.014358639 -0.107631162 0.962016284
6.400000 -0.021636397 -0.039117455 0.214729249 -0.252021194 0.013887284 -0.109463520 0.961410522
6.466667 -0.021810599 -0.038538709 0.214475811 -0.252262563 0.015167457 -0.110134795 0.961251199
6.533333 -0.020968195 -0.039696686 0.215694845 -0.265606701 0.012552824 -0.107581824 0.957977891
6.600000 -0.019075237 -0.036977388 0.215692386 -0.268793970 0.009343077 -0.092632793 0.958687484
6.666667 -0.018031925 -0.036704846 0.218741551 -0.285883397 0.006956735 -0.091126598 0.953896344
6.733333 -0.019399419 -0.037866093 0.223217919 -0.307566583 0.012512518 -0.091217794 0.947061539
6.800000 -0.020150460 -0.037109487 0.227163628 -0.316633910 0.015168986 -0.092280552 0.943926513
6.866667 -0.020174913 -0.036778029 0.227124155 -0.315839976 0.015300431 -0.092339568 0.944184542
6.933333 -0.020661671 -0.035777070 0.227992937 -0.316512883 0.017522158 -0.094429836 0.943713725
7.000000 -0.022396499 -0.034788948 0.230176687 -0.318468124 0.023168454 -0.096821994 0.942691267
7.066667 -0.022783868 -0.034659039 0.230723292 -0.319739401 0.024569906 -0.098093644 0.942093790
7.133333 -0.021112762 -0.032202426 0.232624263 -0.314092308 0.014124135 -0.096570626 0.944362581
7.200000 -0.020749168 -0.031435262 0.234371573 -0.315445989 0.010923398 -0.096310705 0.943980277
7.266667 -0.021576518 -0.029516350 0.236220285 -0.314282089 0.013463243 -0.099617079 0.943992615
7.333333 -0.023393232 -0.027412321 0.239160195 -0.317482769 0.019733084 -0.107105561 0.941989243
7.400000 -0.024429157 -0.026035976 0.243127480 -0.325142920 0.022452338 -0.111858733 0.938757479
7.466667 -0.024728579 -0.023718566 0.246647939 -0.326504409 0.024175886 -0.111766979 0.938252926
7.533333 -0.023507060 -0.019992847 0.249503791 -0.318637878 0.019350013 -0.112811625 0.940940499
7.600000 -0.021577999 -0.014320176 0.252328157 -0.301182300 0.007208663 -0.115819894 0.946479261
7.666667 -0.019215208 -0.011292107 0.254735470 -0.295921385 -0.001154847 -0.112920210 0.948513687
7.733333 -0.017544888 -0.010231819 0.258229822 -0.299638599 -0.007484505 -0.108177967 0.947870374
7.800000 -0.015456564 -0.008405145 0.262318313 -0.302259117 -0.015544632 -0.105289020 0.947265565
7.866667 -0.014929295 -0.007334277 0.264572740 -0.304088354 -0.017593846 -0.104240172 0.946760178
7.933333 -0.015468991 -0.006849844 0.264672697 -0.303819180 -0.015506040 -0.104913339 0.946808696
8.000000 -0.016995691 -0.005152863 0.266238093 -0.303961068 -0.009827930 -0.109165758 0.946358263
8.066667 -0.017827367 -0.003406189 0.268604159 -0.304865509 -0.006405279 -0.111275144 0.945850909
8.133333 -0.017338833 -0.001440447 0.269757897 -0.302160650 -0.009921536 -0.113037616 0.946479321
8.200000 -0.016264077 0.002784193 0.271065176 -0.295985430 -0.018951192 -0.116430968 0.947880447
8.266667 -0.014182561 0.008599943 0.272213429 -0.282826483 -0.028766302 -0.115087137 0.951807082
8.333333 -0.012075359 0.010988597 0.274001777 -0.280677497 -0.036945902 -0.111160189 0.952627182
8.400000 -0.010643829 0.016822398 0.273777634 -0.264429420 -0.042944759 -0.110181287 0.957127452
8.466667 -0.010927587 0.018396961 0.274505675 -0.265546560 -0.042365991 -0.112583600 0.956564248
8.533333 -0.011400414 0.019501910 0.275548726 -0.269681901 -0.041166086 -0.114524759 0.955228329
8.600000 -0.012100369 0.019987216 0.276423454 -0.275070995 -0.039247792 -0.116715237 0.953505695
8.666667 -0.012512519 0.020040622 0.276516676 -0.279363900 -0.037957501 -0.119148925 0.952007651
8.733333 -0.012972756 0.019872710 0.277002960 -0.283880204 -0.036746789 -0.121136330 0.950467110
8.800000 -0.013751096 0.020226786 0.276860982 -0.290956229 -0.034438044 -0.126557738 0.947703362
8.866667 -0.013646531 0.021227878 0.276639760 -0.291416556 -0.034312569 -0.129049748 0.947230279
8.933333 -0.014077622 0.021488959 0.276896000 -0.295199215 -0.033513375 -0.131881326 0.945696414
9.000000 -0.015880810 0.022828700 0.277743787 -0.302228034 -0.026906855 -0.138605863 0.942720890
9.066667 -0.016527813 0.022704050 0.278218091 -0.308868021 -0.024431909 -0.140786394 0.940309942
9.133333 -0.016589154 0.023784306 0.278410792 -0.312310010 -0.023878470 -0.143753693 0.938736975
9.200000 -0.016874827 0.024222169 0.278477788 -0.317200720 -0.022970617 -0.147143051 0.936592221
9.266667 -0.017277760 0.024045622 0.278637290 -0.319281101 -0.022032278 -0.149013564 0.935611665
9.333333 -0.017143497 0.024573617 0.278372020 -0.319604665 -0.022063553 -0.149959520 0.935349286
9.400000 -0.017323315 0.024952473 0.278316587 -0.321523756 -0.021127764 -0.152245179 0.934343398
9.466667 -0.016838627 0.027216394 0.278948903 -0.318046540 -0.021250879 -0.152711853 0.935453832
9.533333 -0.015011720 0.030484959 0.279121280 -0.307282925 -0.025917342 -0.149390087 0.939461589
9.600000 -0.012276666 0.034183796 0.279515624 -0.293962389 -0.035798158 -0.144647256 0.944130182
9.666667 -0.010934392 0.039585300 0.278472900 -0.270148635 -0.042142600 -0.139921725 0.951664686
9.733333 -0.008882234 0.046222970 0.276906520 -0.243715659 -0.052400414 -0.139834777 0.958281338
9.800000 -0.004351868 0.054758959 0.276000291 -0.210733473 -0.070612058 -0.134068772 0.965728164
9.866667 0.000445630 0.064645119 0.276425183 -0.172819257 -0.085009851 -0.130507693 0.972560823
9.933333 0.003328346 0.070576265 0.275191933 -0.149168834 -0.095327109 -0.130378634 0.975532115
10.000000 0.006231102 0.074311562 0.269570827 -0.131511360 -0.107440777 -0.133233488 0.976427197
10.066667 0.008652791 0.079992130 0.267053723 -0.111193962 -0.116776586 -0.138678372 0.977122068
10.133333 0.011217525 0.084938444 0.266650677 -0.096288502 -0.127121300 -0.141995981 0.976936996
10.200000 0.012710875 0.088938244 0.266128153 -0.085809000 -0.131926686 -0.148121119 0.976366878
10.266667 0.013939095 0.092519015 0.267134547 -0.077615947 -0.133802205 -0.156277478 0.975525558
10.333333 0.013275089 0.093683608 0.268441617 -0.078435622 -0.129888222 -0.164942756 0.974561870
10.400000 0.013085849 0.095071711 0.270214349 -0.082178317 -0.127209976 -0.171829835 0.973416090
10.466667 0.012659697 0.097975135 0.270967811 -0.080215760 -0.123680733 -0.180117905 0.972535908
10.533333 0.012125837 0.098352849 0.272404283 -0.086011700 -0.121811941 -0.184165120 0.971517920
10.600000 0.012710708 0.101514250 0.273303688 -0.080801897 -0.123528562 -0.186440513 0.971314430
10.666667 0.012222914 0.102811441 0.274476200 -0.080318771 -0.123239875 -0.187032744 0.971277297
10.733333 0.010231221 0.103978917 0.274554729 -0.078519218 -0.115315236 -0.191750452 0.971477687
10.800000 0.007807079 0.105887152 0.275837541 -0.076271340 -0.104635842 -0.196211547 0.971974850
10.866667 0.006396310 0.109087132 0.276856512 -0.066514775 -0.095894687 -0.200906500 0.972633839
10.933333 0.008197404 0.113264143 0.277930200 -0.050157364 -0.098448753 -0.202222914 0.973086834
11.000000 0.010478658 0.118378349 0.278118074 -0.031666994 -0.106134661 -0.202187926 0.973063588
11.066667 0.012737575 0.122743376 0.277111441 -0.017289862 -0.112481780 -0.205416337 0.972035527
11.133333 0.013897570 0.125376090 0.278137863 -0.009303533 -0.116606861 -0.205174953 0.971709609
11.200000 0.016441029 0.128865659 0.279721707 0.004689369 -0.123474732 -0.203571558 0.971231520
11.266667 0.017916637 0.134868383 0.281434357 0.025370983 -0.126814038 -0.206261873 0.969912648
11.333333 0.021052375 0.143649518 0.281330019 0.050900932 -0.134227589 -0.218625277 0.965191722
11.400000 0.025430765 0.150727481 0.281289577 0.071205944 -0.142772049 -0.226645455 0.960821390
11.466667 0.027718164 0.154570520 0.284408987 0.087516651 -0.149178922 -0.228327110 0.958098769
11.533333 0.028978225 0.156941652 0.285508990 0.098477021 -0.151974455 -0.226980776 0.956914723
11.600000 0.029995905 0.158077493 0.287885159 0.103363872 -0.153768629 -0.230086997 0.955369651
11.666667 0.029881375 0.158181399 0.288027346 0.103535153 -0.153057218 -0.231158376 0.955206633
11.733333 0.028546643 0.158440307 0.288310379 0.103185318 -0.146683633 -0.233675748 0.955631912
11.800000 0.027273972 0.159970582 0.289898098 0.106152661 -0.139871985 -0.237397343 0.955410898
11.866667 0.027311271 0.161281645 0.290789366 0.110124961 -0.138578296 -0.239721358 0.954569101
11.933333 0.028659455 0.161174595 0.291868180 0.111308873 -0.141983449 -0.238858148 0.954147696
12.000000 0.032232493 0.159917384 0.288171798 0.111247636 -0.151345044 -0.243929952 0.951428831
12.066667 0.034712128 0.159404546 0.285820454 0.117773272 -0.156942874 -0.235640317 0.951825619
12.133333 0.034219943 0.158860251 0.282411367 0.124535508 -0.154805824 -0.224897295 0.953911602
12.200000 0.035103474 0.162647650 0.283996284 0.151033163 -0.159180865 -0.213371933 0.952009916
12.266667 0.036724519 0.168324903 0.286038995 0.177376121 -0.162814736 -0.212375373 0.947061658
12.333333 0.038877767 0.171361178 0.288579792 0.193515152 -0.163611487 -0.205586389 0.945260525
12.400000 0.038091078 0.175807029 0.286977202 0.205540553 -0.161377728 -0.211873233 0.941711247
12.466667 0.038645484 0.177697867 0.283096164 0.203895271 -0.165622368 -0.219450802 0.939594209
12.533333 0.038969036 0.178902835 0.282529324 0.207141742 -0.164475128 -0.222126931 0.938456118
12.600000 0.037881389 0.177332938 0.282728344 0.202487305 -0.159979016 -0.218557462 0.941083550
12.666667 0.038198777 0.177379891 0.282332152 0.201435462 -0.161818907 -0.219183907 0.940849006
12.733333 0.039470665 0.179458380 0.281370342 0.200821757 -0.160598651 -0.218790770 0.941280663
12.800000 0.041800987 0.188032880 0.279856145 0.215840057 -0.157843113 -0.227077961 0.936447680
12.866667 0.038457189 0.191332042 0.279060334 0.221813917 -0.145754859 -0.230071157 0.936280608
12.933333 0.035789736 0.193214864 0.279994935 0.230236083 -0.136968493 -0.227128893 0.936292410
13.000000 0.034167547 0.194588900 0.281219035 0.240196288 -0.132893026 -0.222338647 0.935526967
13.066667 0.036503606 0.196383923 0.284867376 0.259681582 -0.140462458 -0.222986743 0.929038584
13.133333 0.036720995 0.199009344 0.283276498 0.275011241 -0.140772134 -0.224904940 0.924104869
13.200000 0.038761131 0.203968167 0.283744633 0.290152252 -0.135402545 -0.225583732 0.920103133
13.266667 0.037652396 0.207453161 0.284407854 0.299841881 -0.123256125 -0.227039129 0.918344200
13.333333 0.036777463 0.209441602 0.286382526 0.306859851 -0.113661095 -0.228808954 0.916823149
13.400000 0.033524968 0.211543828 0.288750440 0.313160956 -0.097827591 -0.226370692 0.917123914
13.466667 0.031350285 0.211965278 0.290020645 0.313721210 -0.088352308 -0.224697441 0.918304920
13.533333 0.031417988 0.213133737 0.294208199 0.322804183 -0.081948332 -0.221745148 0.916466594
13.600000 0.029762141 0.216802284 0.296592683 0.325963110 -0.070522636 -0.221164703 0.916439176
13.666667 0.028042275 0.221800178 0.298367441 0.327157974 -0.060364891 -0.220606297 0.916873276
13.733333 0.024129838 0.221071512 0.297393709 0.314088076 -0.047007866 -0.217260212 0.923004329
13.800000 0.021811271 0.220504150 0.298594773 0.298594624 -0.037400723 -0.218256682 0.928335369
13.866667 0.019367423 0.218568981 0.298322409 0.287188470 -0.030275380 -0.212657303 0.933479011
13.933333 0.017666377 0.217890769 0.298565716 0.282943904 -0.025106043 -0.208409905 0.935883403
14.000000 0.016736094 0.216335326 0.299121737 0.273881942 -0.021462992 -0.208364606 0.938675821
14.066667 0.016499920 0.216478109 0.299249470 0.274080336 -0.020858465 -0.208207518 0.938666344
14.133333 0.016200997 0.216596514 0.299723089 0.274703175 -0.018963512 -0.208689556 0.938417435
14.200000 0.013785997 0.215997726 0.301866740 0.271357119 -0.007616114 -0.207251102 0.939869344
14.266667 0.010530695 0.214915127 0.302779496 0.264749765 0.005921808 -0.199755266 0.943382442
14.333333 0.008483166 0.214198500 0.304468662 0.254964709 0.015195338 -0.194876969 0.946987391
14.400000 0.003808043 0.209671915 0.305175215 0.226196706 0.030310383 -0.184162661 0.956033707
14.466667 -0.000826063 0.206223056 0.305508524 0.203274831 0.045975238 -0.174902171 0.962275922
14.533333 -0.004526282 0.203433722 0.305454999 0.185782552 0.058425751 -0.167280510 0.966482580
14.600000 -0.005411056 0.203861296 0.305279374 0.186832279 0.061096855 -0.164262921 0.966632664
14.666667 -0.006915885 0.203285217 0.298921257 0.182357058 0.061582886 -0.158958405 0.968341708
14.733333 -0.008167924 0.206201538 0.294820577 0.193299577 0.063179702 -0.156299099 0.966547549
14.800000 -0.009760392 0.208519712 0.295243025 0.211093605 0.071032256 -0.152444646 0.962888658
14.866667 -0.010897902 0.211081639 0.296678066 0.229480401 0.079638034 -0.149929121 0.958393335
14.933333 -0.011758411 0.212356389 0.300051540 0.245583117 0.088193156 -0.148636386 0.953843892
15.000000 -0.012880882 0.212897778 0.304190099 0.261522174 0.100689769 -0.146542445 0.948679626
15.066667 -0.012849940 0.212369338 0.308931768 0.269113421 0.111128964 -0.143196210 0.945898056
15.133333 -0.013263471 0.212969750 0.312486947 0.276524216 0.119999766 -0.141048133 0.942995191
15.200000 -0.013544649 0.212398276 0.316636682 0.274061382 0.125918657 -0.139970317 0.943103015
15.266667 -0.016578009 0.211587131 0.318108261 0.262669921 0.139034048 -0.134217575 0.945335805
15.333333 -0.018672049 0.211057097 0.319458187 0.249163151 0.150534824 -0.126556501 0.948282897
15.400000 -0.020325216 0.209639832 0.321197003 0.230053827 0.159631491 -0.114994563 0.953084111
15.466667 -0.023620166 0.207864746 0.319713742 0.210183397 0.167706892 -0.103241615 0.957621276
15.533333 -0.025216874 0.204189152 0.318806022 0.186878160 0.171282977 -0.092945971 0.962860167
15.600000 -0.027428659 0.202543676 0.315653831 0.177162781 0.172051594 -0.081299111 0.965609729
15.666667 -0.029945729 0.195757732 0.309443384 0.156009197 0.171113551 -0.067614801 0.970468760
15.733333 -0.031556040 0.191366911 0.304335415 0.143100441 0.171088547 -0.065069564 0.972634017
15.800000 -0.032168984 0.188406974 0.304596990 0.141136542 0.174820051 -0.057797361 0.972716749
15.866667 -0.032543130 0.189052016 0.305507839 0.148372635 0.177782640 -0.055976700 0.971208274
15.933333 -0.033164859 0.189554378 0.307519943 0.154358938 0.184116274 -0.055622008 0.969113410
16.000000 -0.032000378 0.188882932 0.309138477 0.156035155 0.184979022 -0.056690339 0.968618631
16.066667 -0.032443762 0.187075108 0.310757071 0.153288782 0.189994171 -0.052509017 0.968322039
16.133333 -0.031130891 0.185276330 0.311942220 0.146824852 0.187777236 -0.049904462 0.969892681
16.200000 -0.029962435 0.183919385 0.312868237 0.139771298 0.184500501 -0.047001924 0.971706927
16.266667 -0.029468019 0.182343900 0.312616527 0.135425031 0.181839034 -0.044771444 0.972928643
16.333333 -0.029224960 0.182280749 0.313047409 0.138412312 0.182080746 -0.043900482 0.972502649
16.400000 -0.029588073 0.181502447 0.313012898 0.140654340 0.184216037 -0.042458419 0.971842647
16.466667 -0.028973028 0.180548117 0.313682973 0.140283734 0.183580160 -0.041802149 0.972045004
16.533333 -0.028573634 0.179536059 0.314104617 0.142327607 0.182850942 -0.038666241 0.972015083
16.600000 -0.028082239 0.179034412 0.313501358 0.147441357 0.180131644 -0.037919033 0.971790016
16.666667 -0.028025735 0.178616241 0.313618332 0.150710180 0.181729883 -0.038883798 0.970952511
16.733333 -0.027680224 0.177707776 0.314419836 0.150126636 0.182220057 -0.034994405 0.971099019
16.800000 -0.027745072 0.176517949 0.314335734 0.151091293 0.182520270 -0.031632099 0.971008360
16.866667 -0.026632225 0.174844995 0.315544426 0.149725869 0.181551978 -0.030744707 0.971429765
16.933333 -0.026965223 0.174461782 0.315671027 0.150380448 0.182638183 -0.026938099 0.971238077
17.000000 -0.027665153 0.173318043 0.316870391 0.152982116 0.188236609 -0.023971248 0.969839633
17.066667 -0.028481500 0.173459277 0.318011552 0.160389528 0.193842635 -0.022444440 0.967572510
17.133333 -0.027778430 0.172297195 0.319009751 0.157609686 0.194408283 -0.021906544 0.967928052
17.200000 -0.026841065 0.171743870 0.318833202 0.157042325 0.191422760 -0.023137650 0.968586445
17.266667 -0.025571035 0.170534596 0.319907784 0.156943291 0.189124867 -0.022074604 0.969078600
17.333333 -0.023041973 0.166907445 0.321692169 0.148994476 0.184569687 -0.019884408 0.971256554
17.400000 -0.022066928 0.165443376 0.322591960 0.145553142 0.183088750 -0.019542642 0.972065270
17.466667 -0.020771513 0.164949104 0.323402435 0.144570842 0.179988325 -0.021263493 0.972754538
17.533333 -0.020359093 0.163836822 0.323240817 0.140637860 0.178408325 -0.019989923 0.973648727
17.600000 -0.020680828 0.161717013 0.322949439 0.138905451 0.179352149 -0.015336368 0.973808467
17.666667 -0.021560486 0.160980985 0.324058473 0.142632693 0.185256049 -0.012698606 0.972201049
17.733333 -0.022007195 0.158824712 0.324887305 0.140288785 0.188672900 -0.008570938 0.971930146
17.800000 -0.021075487 0.156554475 0.325811505 0.137649208 0.187366858 -0.005272083 0.972583473
17.866667 -0.021357849 0.156675488 0.326110482 0.139538705 0.189174429 -0.005209146 0.971964419
17.933333 -0.019966384 0.155071497 0.326061279 0.134801552 0.185510427 -0.003040232 0.973347425
18.000000 -0.018319406 0.152505085 0.327135950 0.129334241 0.183029518 -0.001448790 0.974561810
18.066667 -0.018577781 0.151556313 0.327926487 0.128776431 0.185347319 0.001755177 0.974197090
18.133333 -0.018147172 0.148177177 0.329025298 0.117223971 0.186243176 0.006263315 0.975465417
18.200000 -0.016923593 0.144512519 0.330725193 0.105195738 0.185756430 0.012348659 0.976870537
18.266667 -0.015481247 0.141293302 0.332233846 0.095858209 0.184412897 0.015725110 0.978036761
18.333333 -0.014859702 0.136906341 0.334606171 0.082299858 0.187724918 0.023244072 0.978491604
18.400000 -0.014027905 0.133724794 0.336638123 0.070568055 0.190002203 0.025014434 0.978924751
18.466667 -0.013722123 0.131052837 0.337731570 0.061838809 0.191937178 0.029711217 0.979006290
18.533333 -0.012436607 0.127732396 0.338669300 0.052708205 0.189249486 0.034246601 0.979915142
18.600000 -0.010447088 0.123088427 0.340224653 0.040809955 0.186321765 0.040719770 0.980795920
18.666667 -0.010194310 0.121070117 0.341359794 0.035034858 0.188476160 0.044770431 0.980431020
18.733333 -0.009554274 0.119688153 0.343022913 0.030570174 0.189841405 0.045627985 0.980277419
18.800000 -0.008668825 0.117122710 0.345566571 0.021865781 0.192264512 0.048012305 0.979924023
18.866667 -0.008685958 0.117079102 0.345751256 0.022362983 0.192609265 0.048661847 0.979813039
18.933333 -0.008925488 0.117794983 0.345173508 0.024259679 0.192898571 0.045437425 0.979865849
