0.000000 0.000000000 0.000000000 0.000000000 -0.000000000 -0.000000000 -0.000000000 1.000000000
0.066667 0.000013513 -0.000006206 0.000062973 -0.000041536 -0.000239480 -0.000259047 0.999999940
0.133333 0.001614142 -0.030942736 0.005523147 -0.125157475 -0.014413813 -0.005595243 0.992016435
0.200000 -0.000982133 -0.034169346 0.009079269 -0.131170645 -0.008568061 -0.007994644 0.991290569
0.266667 -0.001497402 -0.030188469 0.009447349 -0.111752041 -0.005567435 -0.007742960 0.993690431
0.333333 -0.000705847 -0.027203161 0.009266133 -0.098490104 -0.009309483 -0.008134760 0.995061278
0.400000 0.003055953 -0.023264254 0.011775208 -0.080046028 -0.023000224 -0.006913099 0.996501803
0.466667 0.004572145 -0.021306515 0.013010479 -0.071337268 -0.027543655 -0.005176168 0.997058451
0.533333 0.005333974 -0.015902737 0.014544142 -0.047886048 -0.029553061 -0.008042254 0.998383105
0.600000 0.005827296 -0.013543792 0.016367620 -0.036376804 -0.031090867 -0.007788995 0.998824000
0.666667 0.005456884 -0.012986679 0.017514339 -0.032882098 -0.031704389 -0.009241043 0.998913527
0.733333 0.005312392 -0.011935684 0.019495588 -0.025784023 -0.033287626 -0.007812457 0.999082625
0.800000 0.004965026 -0.008990652 0.021712823 -0.008858517 -0.034176286 -0.007332516 0.999349654
0.866667 0.005777746 -0.005524233 0.024163086 0.009912044 -0.040191334 -0.006645206 0.999120772
0.933333 0.006312366 -0.003062973 0.026643120 0.023521246 -0.045496773 -0.005834637 0.998670518
1.000000 0.007772340 0.000081914 0.029850863 0.043119639 -0.050230365 -0.001247077 0.997805655
1.066667 0.007084662 0.006382615 0.034374118 0.080510996 -0.047318950 0.002330742 0.995627165
1.133333 0.006106968 0.013268325 0.039688729 0.120365553 -0.045786198 0.006935715 0.991648972
1.200000 0.006130614 0.015165660 0.041728895 0.132489368 -0.046209048 0.006392246 0.990086079
1.266667 0.006440777 0.014910591 0.042227905 0.132232040 -0.043934293 0.006567674 0.990222871
1.333333 0.007296619 0.014259852 0.042688351 0.130945355 -0.041294407 0.006241839 0.990509570
1.400000 0.007061224 0.014455934 0.044511281 0.137762889 -0.038745407 0.005707296 0.989690661
1.466667 0.006127301 0.014187076 0.046806850 0.147518024 -0.038595274 0.004081005 0.988297641
1.533333 0.008404037 0.017394990 0.050288390 0.168852955 -0.045113511 0.004389614 0.984598517
1.600000 0.011468969 0.022569641 0.057225648 0.200013399 -0.055284496 0.002967024 0.978227735
1.666667 0.012096927 0.024179742 0.061285730 0.213642403 -0.056550402 0.001580789 0.975272536
1.733333 0.014929792 0.025095785 0.066708893 0.227142289 -0.064706497 -0.000599184 0.971709371
1.800000 0.021626649 0.023092151 0.070409194 0.223344117 -0.080957331 0.003265423 0.971366405
1.866667 0.024964102 0.021898312 0.072942033 0.219662175 -0.083262801 0.001994617 0.972014368
1.933333 0.027041044 0.019557249 0.076591909 0.212215334 -0.083066732 -0.003745014 0.973678887
2.000000 0.024283595 0.018375665 0.080200389 0.212313518 -0.073044606 -0.008737299 0.974428594
2.066667 0.022776114 0.017274182 0.081630595 0.210241809 -0.070376962 -0.013856801 0.975014627
2.133333 0.022368681 0.015789811 0.082587153 0.204469964 -0.069191255 -0.021773355 0.976181626
2.200000 0.022530887 0.014780656 0.084220782 0.198793173 -0.069597401 -0.026021648 0.977220714
2.266667 0.023059675 0.014949532 0.087811351 0.201799333 -0.070964016 -0.033204600 0.976288199
2.333333 0.020647731 0.016854107 0.091211632 0.209934920 -0.064228326 -0.044638976 0.974581659
2.400000 0.019937789 0.013841415 0.095006265 0.197428897 -0.064312689 -0.054327872 0.976695538
2.466667 0.021903517 0.010933755 0.099943168 0.186944112 -0.071556635 -0.065067321 0.977598011
2.533333 0.022167530 0.009751944 0.101416603 0.181231901 -0.072111629 -0.067428119 0.978472471
2.600000 0.020567309 0.008075775 0.103867106 0.170897454 -0.066890672 -0.078353748 0.979887962
2.666667 0.019279016 0.005840214 0.106254444 0.160847887 -0.065764435 -0.079535469 0.981568694
2.733333 0.019490983 0.003233217 0.108775139 0.145466581 -0.071141198 -0.079889402 0.983562946
2.800000 0.019815434 0.000815117 0.111520454 0.130781412 -0.077867873 -0.077969678 0.985268295
2.866667 0.019823488 -0.001286732 0.116197936 0.117507055 -0.084577292 -0.077460788 0.986427188
2.933333 0.019437078 -0.005973967 0.120549276 0.091880709 -0.092033178 -0.079086460 0.988348722
3.000000 0.016270453 -0.012936417 0.124808066 0.058738533 -0.095190600 -0.082854986 0.990264416
3.066667 0.016488332 -0.012913579 0.124739803 0.059043325 -0.095747598 -0.082780868 0.990198791
3.133333 0.016335869 -0.013073008 0.124829099 0.058270968 -0.095134325 -0.082906894 0.990293086
3.200000 0.016653774 -0.013048352 0.124747917 0.058372479 -0.096038640 -0.081665047 0.990303040
3.266667 0.016625572 -0.012608483 0.124899328 0.061504874 -0.096599460 -0.077641375 0.990382493
3.333333 0.016720314 -0.012789560 0.124770835 0.060660247 -0.096835904 -0.078264341 0.990362525
3.400000 0.016728902 -0.012370769 0.124780238 0.062438793 -0.096993387 -0.076876380 0.990345240
3.466667 0.017154891 -0.011984576 0.124867804 0.064931713 -0.098978922 -0.073185027 0.990268171
3.533333 0.017122328 -0.011767099 0.124912791 0.065678723 -0.098867446 -0.072588123 0.990273952
3.600000 0.016683601 -0.011581507 0.124658160 0.066235989 -0.097517721 -0.068787225 0.990641952
3.666667 0.016688038 -0.011564361 0.124429308 0.066465743 -0.097961769 -0.065277010 0.990820229
3.733333 0.016654795 -0.011304350 0.124688245 0.067598306 -0.097869642 -0.065438703 0.990742028
3.800000 0.016902264 -0.011048176 0.124493130 0.068530068 -0.098199211 -0.063598603 0.990765274
3.866667 0.016773406 -0.011306257 0.124715932 0.068080254 -0.099024452 -0.062949993 0.990755558
3.933333 0.015887508 -0.009699068 0.123831503 0.075274572 -0.097868010 -0.059439577 0.990566790
4.000000 0.013253700 -0.012064914 0.122965939 0.069417961 -0.098541595 -0.054419357 0.991216063
4.066667 0.011495963 -0.012691112 0.125996187 0.067516200 -0.100621045 -0.057061777 0.990989923
4.133333 0.011346394 -0.012857795 0.126673102 0.066091664 -0.101434164 -0.056658044 0.991026163
4.200000 0.010147337 -0.012036541 0.127837777 0.071975417 -0.101496071 -0.049971141 0.990969718
4.266667 0.008054102 -0.013609745 0.129925162 0.066499330 -0.099070370 -0.050099075 0.991591156
4.333333 0.006059473 -0.015288494 0.131934568 0.058134262 -0.094209373 -0.052706629 0.992455065
4.400000 0.003835235 -0.017985396 0.134799466 0.045229554 -0.089445099 -0.056022085 0.993385851
4.466667 0.001956662 -0.022454336 0.137099758 0.029689880 -0.090456344 -0.060574256 0.993613064
4.533333 0.000138455 -0.022010565 0.138940364 0.034620553 -0.087837681 -0.058481276 0.993813813
4.600000 -0.001752922 -0.024498818 0.142564893 0.027176000 -0.088128470 -0.065432511 0.993586183
4.666667 -0.003342269 -0.026674436 0.145186022 0.021129390 -0.086755224 -0.071491539 0.993436515
4.733333 -0.003741479 -0.026308481 0.145564988 0.022965658 -0.085838281 -0.070210785 0.993566751
4.800000 -0.005448620 -0.025433939 0.146359742 0.028672118 -0.081258446 -0.066653535 0.994048476
4.866667 -0.005641062 -0.025354911 0.146724239 0.029223090 -0.080926485 -0.066569805 0.994065106
4.933333 -0.007175525 -0.024650449 0.149066657 0.032137960 -0.076849833 -0.066568486 0.994298697
5.000000 -0.009985476 -0.026016718 0.152104974 0.019888623 -0.065548562 -0.072931580 0.994981825
5.066667 -0.011928292 -0.022856088 0.154848859 0.018998491 -0.054529656 -0.079157919 0.995188236
5.133333 -0.013876769 -0.019781720 0.160122290 0.014901443 -0.045587700 -0.086056814 0.995135128
5.200000 -0.017466787 -0.025664307 0.163886353 -0.016457263 -0.035032380 -0.087179281 0.995440423
5.266667 -0.017932907 -0.023176033 0.166144520 -0.021452801 -0.031183483 -0.083310358 0.995804608
5.333333 -0.020205922 -0.024870966 0.169372946 -0.036081210 -0.022683814 -0.085824385 0.995398283
5.400000 -0.021697594 -0.030408222 0.170791060 -0.055228554 -0.017465906 -0.084179215 0.994765639
5.466667 -0.023377281 -0.030522639 0.173499987 -0.055444419 -0.012247842 -0.086263105 0.994652987
5.533333 -0.024995789 -0.031523980 0.175069734 -0.061379217 -0.005859101 -0.090350315 0.993999541
5.600000 -0.027366791 -0.033562642 0.177952349 -0.072968453 0.004148590 -0.095447019 0.992747843
5.666667 -0.030123843 -0.036874224 0.180461869 -0.087662734 0.012274737 -0.096660927 0.991373420
5.733333 -0.032641508 -0.040330805 0.185474038 -0.103649415 0.018353544 -0.101723544 0.989228129
5.800000 -0.037933588 -0.041925367 0.189408451 -0.109940864 0.028583145 -0.105547212 0.987904787
5.866667 -0.036934692 -0.044425033 0.195087820 -0.123237625 0.019819506 -0.108586662 0.986219406
5.933333 -0.037379384 -0.050491050 0.200108901 -0.144027025 0.007870805 -0.108745992 0.983548999
6.000000 -0.037859745 -0.056599338 0.204904228 -0.157982484 0.002384810 -0.108135298 0.981500208
6.066667 -0.038094319 -0.056302447 0.204607040 -0.149329767 0.000742296 -0.107337624 0.982943892
6.133333 -0.037139822 -0.056349505 0.204287842 -0.145094082 0.002740158 -0.108463041 0.983451068
6.200000 -0.037958417 -0.056205899 0.203754142 -0.141998783 0.012036962 -0.109047592 0.983768344
6.266667 -0.037729256 -0.056015279 0.203745872 -0.141447201 0.011530004 -0.109696969 0.983781695
6.333333 -0.037890300 -0.055835731 0.203578845 -0.141177237 0.012232570 -0.110301815 0.983744323
6.400000 -0.038713492 -0.055545449 0.203617677 -0.143890291 0.015892498 -0.112433195 0.983057380
6.466667 -0.038336184 -0.054201957 0.203427345 -0.140741169 0.015283726 -0.112889752 0.983470500
6.533333 -0.036698274 -0.052835304 0.203878447 -0.143366575 0.010333722 -0.113089800 0.983132720
6.600000 -0.035502955 -0.051012311 0.204619482 -0.151211828 0.008465325 -0.112641543 0.982026100
6.666667 -0.034935623 -0.051126789 0.208220273 -0.167510509 0.006006253 -0.116257235 0.978973150
6.733333 -0.035068322 -0.054003991 0.213158742 -0.193377674 0.005350527 -0.114946708 0.974352956
6.800000 -0.034705903 -0.055936452 0.218473420 -0.211167663 0.002021444 -0.114663042 0.970699012
6.866667 -0.034592733 -0.055573449 0.218457878 -0.210085258 0.001854700 -0.114673458 0.970932901
6.933333 -0.034967694 -0.054533496 0.219391361 -0.209899351 0.003883675 -0.116357662 0.970766723
7.000000 -0.036673538 -0.053300757 0.221176416 -0.207919627 0.009847164 -0.117572680 0.971004188
7.066667 -0.037222318 -0.053190649 0.221697748 -0.208916873 0.011918025 -0.118558086 0.970647037
7.133333 -0.037769508 -0.054751024 0.225373566 -0.219641984 0.008494520 -0.119757511 0.968164980
7.200000 -0.038126476 -0.054118894 0.227141291 -0.220819056 0.008530871 -0.120380096 0.967819631
7.266667 -0.038991217 -0.052437440 0.229466856 -0.219022647 0.011260366 -0.123137869 0.967853010
7.333333 -0.038865641 -0.050640956 0.232496932 -0.220834345 0.009924988 -0.125162810 0.967195928
7.400000 -0.039000772 -0.048712261 0.236266285 -0.222579360 0.009345425 -0.129649132 0.966210246
7.466667 -0.038621459 -0.048795156 0.241252437 -0.231742352 0.007007156 -0.125818491 0.964580774
7.533333 -0.038249537 -0.047704048 0.245406613 -0.232358113 0.003988232 -0.125539079 0.964486241
7.600000 -0.037446279 -0.042879179 0.249903843 -0.219728813 -0.002839567 -0.127966195 0.967127681
7.666667 -0.037298623 -0.040470034 0.253967464 -0.218444407 -0.003104571 -0.128674850 0.967323720
7.733333 -0.038347609 -0.041535929 0.258329988 -0.230136365 0.000177637 -0.128586501 0.964625716
7.800000 -0.036866788 -0.040611289 0.263358682 -0.235591605 -0.005576770 -0.127794966 0.963397086
7.866667 -0.035529979 -0.039849356 0.264391184 -0.234619096 -0.011900898 -0.125108644 0.963929534
7.933333 -0.035507277 -0.039330285 0.264683545 -0.233819962 -0.011817882 -0.125670359 0.964051664
8.000000 -0.036211867 -0.039318986 0.266921878 -0.239776880 -0.009654311 -0.127585113 0.962359607
8.066667 -0.035540044 -0.038729876 0.269121051 -0.242787570 -0.012725310 -0.127056465 0.961638689
8.133333 -0.033997320 -0.036410246 0.271007031 -0.238766670 -0.019236082 -0.125079960 0.962795675
8.200000 -0.032837253 -0.033034630 0.273084909 -0.235362247 -0.028032908 -0.127525479 0.963097095
8.266667 -0.030581793 -0.027382163 0.275754631 -0.223551765 -0.037688702 -0.123551205 0.966094851
8.333333 -0.027645104 -0.023833757 0.278009146 -0.216970995 -0.048901353 -0.117308222 0.967869341
8.400000 -0.025154797 -0.015751937 0.278634131 -0.192069128 -0.059167828 -0.117454968 0.972529173
8.466667 -0.024880089 -0.014033495 0.279194444 -0.190968052 -0.060478061 -0.119000055 0.972477615
8.533333 -0.025316143 -0.013859674 0.280757159 -0.198147282 -0.059732988 -0.120337605 0.970921457
8.600000 -0.026025590 -0.013662271 0.281549543 -0.203889564 -0.057814784 -0.123089559 0.969502687
8.666667 -0.026451854 -0.013293153 0.281705797 -0.207437232 -0.056358464 -0.125350296 0.968545735
8.733333 -0.026901770 -0.013264656 0.282000363 -0.211112544 -0.054750558 -0.126725450 0.967664480
8.800000 -0.027625982 -0.012723664 0.281848162 -0.217393577 -0.052308436 -0.133019283 0.965561867
8.866667 -0.028096847 -0.012097828 0.281717688 -0.218671173 -0.050746489 -0.136945665 0.964807570
8.933333 -0.028395258 -0.011883078 0.281723857 -0.222145870 -0.049729031 -0.139624909 0.963682055
9.000000 -0.029933615 -0.010165216 0.282259047 -0.226495966 -0.043449841 -0.146102890 0.962011218
9.066667 -0.030600626 -0.009374764 0.282792479 -0.231032446 -0.040661726 -0.149865046 0.960474432
9.133333 -0.031007081 -0.008460566 0.282500654 -0.233537912 -0.038643554 -0.153367698 0.959398270
9.200000 -0.031009663 -0.007920379 0.282834113 -0.238795936 -0.037912853 -0.156270042 0.957663178
9.266667 -0.031241370 -0.007936502 0.282824963 -0.239977777 -0.037108239 -0.157384932 0.957216620
9.333333 -0.031361200 -0.007447973 0.282486051 -0.239870593 -0.036308244 -0.158855513 0.957031250
9.400000 -0.031733163 -0.007300293 0.282875925 -0.243256107 -0.034956075 -0.161359876 0.955807269
9.466667 -0.031420618 -0.004924282 0.283957452 -0.239575848 -0.034259643 -0.162048683 0.956645131
9.533333 -0.028914917 -0.002907477 0.285024315 -0.232664183 -0.043891285 -0.157997489 0.958633304
9.600000 -0.026042707 0.001694115 0.286009192 -0.214971110 -0.053815544 -0.153824136 0.962927520
9.666667 -0.024385653 0.007980817 0.285839170 -0.188619316 -0.061694160 -0.151284575 0.968364358
9.733333 -0.021975076 0.015533733 0.286010712 -0.160793856 -0.071920976 -0.153142959 0.972378552
9.800000 -0.017431684 0.024641979 0.286397487 -0.125136539 -0.089171998 -0.145368218 0.977372646
9.866667 -0.013378308 0.033114355 0.289783746 -0.094183773 -0.101668276 -0.135954857 0.980973661
9.933333 -0.009578798 0.039073028 0.291073263 -0.073311210 -0.114655085 -0.131685734 0.981905580
10.000000 -0.006234987 0.043895546 0.288649529 -0.059572127 -0.128108665 -0.134322807 0.980814338
10.066667 -0.003192057 0.048940420 0.287338197 -0.044272650 -0.139489293 -0.135636583 0.979890525
10.133333 -0.000589128 0.054049347 0.288084745 -0.029171873 -0.149861813 -0.138833478 0.978476226
10.200000 0.000980183 0.058040414 0.287914157 -0.018826647 -0.154541075 -0.145690098 0.977004111
10.266667 0.001101142 0.060287777 0.289227784 -0.014841006 -0.153087437 -0.152233869 0.976303637
10.333333 0.000938860 0.061081406 0.290443063 -0.015513240 -0.151172936 -0.159160152 0.975486636
10.400000 0.001140228 0.063009031 0.292244256 -0.015744030 -0.149704844 -0.166197941 0.974535227
10.466667 0.001985314 0.066995762 0.292373449 -0.006123535 -0.149174064 -0.173360795 0.973476052
10.533333 -0.000386660 0.068555057 0.293192387 -0.005945988 -0.138994187 -0.178849846 0.973990798
10.600000 -0.000445255 0.072569400 0.294223785 0.003924353 -0.137439132 -0.184537798 0.973160267
10.666667 -0.001599647 0.073257387 0.294966340 0.002605669 -0.134915426 -0.185461983 0.973342121
10.733333 -0.002938377 0.074397780 0.295599401 0.005188612 -0.129174471 -0.189251691 0.973381162
10.800000 -0.005059326 0.076041907 0.297093511 0.007273258 -0.119751878 -0.192223608 0.973990083
10.866667 -0.006795458 0.078483455 0.299010038 0.013741014 -0.110594571 -0.195396245 0.974371791
10.933333 -0.005937795 0.082828365 0.301206917 0.029659243 -0.109691232 -0.199550405 0.973276854
11.000000 -0.002907442 0.088584222 0.300836533 0.048710138 -0.120023549 -0.204969466 0.970159352
11.066667 -0.000048377 0.093647495 0.302322716 0.066007420 -0.128917933 -0.205409199 0.967899978
11.133333 0.002525460 0.097594939 0.304048151 0.079896294 -0.138484865 -0.204009280 0.965825438
11.200000 0.005546737 0.100506634 0.305704474 0.093354098 -0.148162350 -0.201203346 0.963768721
11.266667 0.007716665 0.103963949 0.306564212 0.106148809 -0.156648114 -0.201325849 0.961073220
11.333333 0.010018162 0.107441768 0.305426985 0.113385245 -0.164652199 -0.204750210 0.958180964
11.400000 0.011701455 0.111451022 0.304521531 0.122446723 -0.169300377 -0.204142213 0.956383884
11.466667 0.014579631 0.113343902 0.307559252 0.132165000 -0.180761680 -0.202005580 0.953441858
11.533333 0.016545188 0.115206905 0.309124321 0.141506448 -0.187582791 -0.201691538 0.950846553
11.600000 0.017873216 0.116550103 0.309699416 0.147174969 -0.189322904 -0.205407709 0.948843539
11.666667 0.017735090 0.116219610 0.309814602 0.146001279 -0.189001814 -0.206315190 0.948891997
11.733333 0.016096946 0.116605252 0.310151279 0.146114975 -0.181962192 -0.207768396 0.949932873
11.800000 0.014723793 0.119089656 0.312087923 0.153760612 -0.174395084 -0.210716605 0.949495971
11.866667 0.012922350 0.120730020 0.314468592 0.158407569 -0.165892273 -0.214064911 0.949506760
11.933333 0.013946287 0.120844580 0.316293329 0.162031144 -0.167670354 -0.211538285 0.949149132
12.000000 0.017365366 0.121910840 0.315529108 0.171429858 -0.171538040 -0.221416891 0.944542825
12.066667 0.017692458 0.121643394 0.315052241 0.177099228 -0.169808716 -0.227234423 0.942425311
12.133333 0.017140970 0.121839598 0.315163791 0.187239990 -0.169269174 -0.238793656 0.937692225
12.200000 0.019138306 0.124045826 0.318133712 0.212706447 -0.181042850 -0.234124273 0.931217074
12.266667 0.019695535 0.128872812 0.319830567 0.236324459 -0.180217788 -0.234174162 0.925653696
12.333333 0.021949459 0.131775007 0.321114838 0.250338107 -0.179562241 -0.226979241 0.923887789
12.400000 0.020983320 0.135511175 0.317583501 0.255673289 -0.174950674 -0.234086499 0.921535075
12.466667 0.021480799 0.137878135 0.313183606 0.252975076 -0.177983671 -0.238600299 0.920540750
12.533333 0.021762896 0.137763992 0.311864197 0.250355989 -0.178562075 -0.239187375 0.920992315
12.600000 0.021189258 0.137766421 0.312366664 0.251215458 -0.173601598 -0.237867743 0.922047853
12.666667 0.021532804 0.138013378 0.311818540 0.250944138 -0.175044969 -0.238908917 0.921579540
12.733333 0.025650047 0.139736220 0.309706092 0.249762967 -0.180380866 -0.239361197 0.920753777
12.800000 0.028593421 0.144727096 0.306023002 0.250128716 -0.181035623 -0.234255344 0.921838462
12.866667 0.027373683 0.148754895 0.308083624 0.263884217 -0.177302539 -0.236427084 0.918167293
12.933333 0.026197687 0.149501219 0.308622718 0.268725932 -0.175309077 -0.233254462 0.917957246
13.000000 0.026215553 0.151122034 0.311344177 0.282922924 -0.178445742 -0.228690222 0.914227843
13.066667 0.028039444 0.152786016 0.314688325 0.300938934 -0.187290758 -0.224385157 0.907749534
13.133333 0.029189259 0.156412527 0.314674735 0.321987003 -0.188258991 -0.230120599 0.898847818
13.200000 0.032275073 0.165154994 0.315942556 0.347443700 -0.182648584 -0.229661539 0.890605390
13.266667 0.032785043 0.169102252 0.316955447 0.360555381 -0.173607171 -0.230309948 0.887027442
13.333333 0.032633200 0.171806842 0.318186611 0.367683470 -0.166829377 -0.232198358 0.884907246
13.400000 0.029955242 0.174742877 0.320624948 0.377830148 -0.153588489 -0.228449345 0.884005547
13.466667 0.028214905 0.174930036 0.321975619 0.379060119 -0.146591589 -0.226353645 0.885205328
13.533333 0.028436266 0.176276460 0.325272381 0.386865497 -0.142436296 -0.221794605 0.883659542
13.600000 0.025800016 0.180860028 0.328402221 0.393371850 -0.128540099 -0.218632370 0.883705795
13.666667 0.022390757 0.185170501 0.330865055 0.394013464 -0.112597793 -0.217243433 0.885934830
13.733333 0.018804666 0.184481844 0.329573154 0.381482363 -0.100478686 -0.214735493 0.893456161
13.800000 0.016949255 0.184562176 0.333128124 0.376145452 -0.094113797 -0.211892113 0.897083580
13.866667 0.014188703 0.183703244 0.333218664 0.370111108 -0.085172400 -0.207188457 0.901574373
13.933333 0.012216490 0.182864398 0.333831847 0.366564900 -0.080459110 -0.203010917 0.904402077
14.000000 0.010011883 0.180428788 0.332942039 0.352222949 -0.073700339 -0.199359596 0.911462069
14.066667 0.009919744 0.180676937 0.333138287 0.352853298 -0.073329903 -0.199454337 0.911227345
14.133333 0.009455271 0.180591464 0.333336413 0.352834940 -0.071093321 -0.199888259 0.911316633
14.200000 0.007631924 0.180822507 0.336132646 0.356580168 -0.062659830 -0.196340859 0.911248922
14.266667 0.005240202 0.180621743 0.337121636 0.354293972 -0.052123774 -0.193785369 0.913348854
14.333333 0.003504368 0.180670768 0.337962389 0.347868711 -0.045678239 -0.186183885 0.917734385
14.400000 0.000275655 0.181021258 0.339089692 0.338663220 -0.034112308 -0.178516254 0.923187673
14.466667 -0.004092766 0.179034412 0.338546455 0.321170539 -0.020289427 -0.169636115 0.931483448
14.533333 -0.008324519 0.178857565 0.338398248 0.313021958 -0.005393632 -0.161947563 0.935821116
14.600000 -0.009024440 0.179216981 0.337595791 0.312547833 -0.003694025 -0.158488274 0.936579764
14.666667 -0.011101176 0.179856718 0.329844385 0.307022333 -0.000522032 -0.158203617 0.938460767
14.733333 -0.010979136 0.179793835 0.325840712 0.309383541 -0.005037291 -0.148209289 0.939303160
14.800000 -0.009747531 0.182208002 0.327305883 0.329953104 -0.006126207 -0.146113127 0.932600856
14.866667 -0.010229320 0.185882404 0.330114365 0.352833748 0.000561774 -0.144734174 0.924424171
14.933333 -0.011865774 0.186937451 0.332854718 0.368658274 0.009970888 -0.140977159 0.918758452
15.000000 -0.013627988 0.186761394 0.336868763 0.384892315 0.022597846 -0.135706514 0.912650585
15.066667 -0.014912346 0.185122281 0.340412647 0.389815599 0.033008259 -0.126997054 0.911496580
15.133333 -0.017121468 0.183565423 0.344155341 0.392923772 0.046050277 -0.119645253 0.910590649
15.200000 -0.018073831 0.182778507 0.348370731 0.394683570 0.052181449 -0.117583096 0.909767091
15.266667 -0.020093493 0.182685614 0.349204749 0.385562450 0.061119214 -0.116630882 0.913237810
15.333333 -0.022427887 0.179784149 0.349316776 0.364348173 0.068863116 -0.108876295 0.922309160
15.400000 -0.023988910 0.176747501 0.349108368 0.337564439 0.074280076 -0.098759562 0.933155537
15.466667 -0.026331097 0.174754590 0.346285433 0.314909428 0.079142086 -0.087841026 0.941728473
15.533333 -0.028218854 0.169685364 0.343600035 0.285297364 0.082009360 -0.077478297 0.951775730
15.600000 -0.029369652 0.168166637 0.340746403 0.274051994 0.081402920 -0.071657509 0.955580592
15.666667 -0.030888073 0.164065152 0.334612042 0.258387923 0.081964098 -0.065388218 0.960334301
15.733333 -0.032788932 0.162588924 0.330903381 0.255506754 0.085748397 -0.067222461 0.960648060
15.800000 -0.033126004 0.162216008 0.331892610 0.263655931 0.089682296 -0.066793211 0.958113432
15.866667 -0.033584293 0.162290663 0.332680583 0.269561827 0.092192702 -0.063393146 0.956461310
15.933333 -0.034792926 0.162823573 0.334566146 0.276681989 0.099171624 -0.060840257 0.953892350
16.000000 -0.033701282 0.162298262 0.336507082 0.281256229 0.099576876 -0.062802956 0.952383995
16.066667 -0.034466192 0.162219256 0.336129338 0.280414581 0.101891086 -0.058848161 0.952639878
16.133333 -0.033897426 0.161452129 0.336668342 0.276561707 0.100968070 -0.057772391 0.953929484
16.200000 -0.032679483 0.159289256 0.336845636 0.266920835 0.097279042 -0.057752617 0.957055271
16.266667 -0.032531682 0.158258334 0.336106479 0.263256907 0.095008083 -0.056236707 0.958387554
16.333333 -0.031826563 0.158499509 0.336867988 0.267704129 0.093764059 -0.057562351 0.957198739
16.400000 -0.031292714 0.159202158 0.337354511 0.275462329 0.093314327 -0.058633860 0.954973876
16.466667 -0.030681336 0.158899292 0.338346988 0.278518796 0.092546791 -0.059239008 0.954124272
16.533333 -0.030396083 0.157837510 0.338464350 0.279649466 0.090954222 -0.055586208 0.954166532
16.600000 -0.029921833 0.157021597 0.338699043 0.285481691 0.088808276 -0.053362086 0.952767432
16.666667 -0.029865539 0.156029791 0.339004219 0.288376689 0.089018390 -0.050708205 0.952020705
16.733333 -0.029937897 0.155306011 0.339533985 0.288202405 0.090259448 -0.047492154 0.952122450
16.800000 -0.030806672 0.153617054 0.339065194 0.286006987 0.093202189 -0.042879634 0.952719629
16.866667 -0.030432500 0.153402686 0.339868039 0.287915111 0.093626708 -0.043846693 0.952059031
16.933333 -0.031103384 0.153109759 0.340461850 0.289457142 0.096859902 -0.041165739 0.951387465
17.000000 -0.030909048 0.152169138 0.342233002 0.295392931 0.099039756 -0.042225860 0.949289799
17.066667 -0.032164838 0.151430354 0.343028784 0.299971640 0.105112523 -0.038653221 0.947351217
17.133333 -0.032353513 0.150039524 0.343909562 0.297706336 0.108085103 -0.036606226 0.947812498
17.200000 -0.032523707 0.148042560 0.344239533 0.294365555 0.109588064 -0.032849737 0.948820472
17.266667 -0.031868909 0.145835146 0.344090551 0.290577620 0.106963754 -0.032418918 0.950301230
17.333333 -0.030645071 0.143115595 0.344121248 0.284461439 0.102233715 -0.030524462 0.952731967
17.400000 -0.030197676 0.141311064 0.344644248 0.280009717 0.102143474 -0.029551122 0.954090118
17.466667 -0.031016707 0.139510274 0.345412016 0.275647581 0.106422536 -0.026098054 0.954992950
17.533333 -0.031341955 0.138176218 0.345743477 0.272440910 0.108256750 -0.024225226 0.955756009
17.600000 -0.031935066 0.135747761 0.345270634 0.270335972 0.110032573 -0.019293133 0.956263065
17.666667 -0.032755189 0.135374457 0.346534014 0.277035147 0.114894763 -0.016547527 0.953822255
17.733333 -0.033873320 0.133160725 0.347279757 0.275209397 0.119888857 -0.011015367 0.953816056
17.800000 -0.033386029 0.130950227 0.348057151 0.275155872 0.119963169 -0.008264844 0.953849971
17.866667 -0.033693619 0.130427867 0.347919792 0.274385512 0.120639503 -0.006058815 0.954003155
17.933333 -0.032515544 0.128848627 0.347893924 0.270760566 0.118178383 -0.004876280 0.955352724
18.000000 -0.031952076 0.124295235 0.348028213 0.259617269 0.118301459 -0.000645300 0.958437920
18.066667 -0.032325231 0.123540163 0.348381102 0.259742051 0.119801708 0.003500106 0.958211541
18.133333 -0.032309968 0.121048689 0.349264354 0.252995253 0.121469639 0.004733447 0.959800065
18.200000 -0.030394221 0.117803194 0.350871384 0.245275572 0.117513023 0.004804477 0.962292850
18.266667 -0.029436853 0.115056723 0.352270275 0.239817902 0.116645142 0.006091439 0.963765681
18.333333 -0.028490450 0.109672643 0.352759302 0.223557383 0.115192048 0.012380356 0.967780769
18.400000 -0.027913492 0.105750270 0.353755236 0.211864412 0.115785234 0.015538043 0.970291615
18.466667 -0.028242994 0.103405066 0.354567140 0.205465943 0.118844688 0.018635012 0.971242785
18.533333 -0.027451269 0.099180512 0.354823232 0.194094032 0.117544793 0.022983775 0.973643959
18.600000 -0.026206572 0.094757937 0.355575234 0.184684724 0.115124084 0.027194699 0.975652874
18.666667 -0.025834586 0.093184933 0.356198698 0.181192815 0.115629867 0.028105585 0.976221800
18.733333 -0.025748968 0.091348588 0.357391715 0.176641211 0.117807560 0.028833112 0.976774275
18.800000 -0.025273124 0.087489434 0.358869135 0.165226892 0.119347811 0.031722080 0.978493690
18.866667 -0.025392881 0.087412752 0.358949184 0.165657669 0.119856015 0.032557853 0.978331327
18.933333 -0.025332872 0.088192031 0.358483106 0.167364091 0.119860895 0.029520741 0.978136599
