0.000000 0.000000000 0.000000000 0.000000000 -0.000000000 -0.000000000 -0.000000000 1.000000000
0.066667 -0.001934890 -0.000808316 0.004270365 -0.001436660 0.006502063 -0.005052896 0.999965072
0.133333 -0.003438723 -0.005831894 0.005797226 -0.014201101 0.008895121 -0.003716265 0.999852717
0.200000 -0.005435986 -0.014184070 0.008353437 -0.038845997 0.007932781 -0.004829503 0.999202073
0.266667 -0.002469182 -0.019232927 0.011666374 -0.052623190 -0.004905321 -0.004479573 0.998592377
0.333333 0.001495805 -0.023229415 0.014091365 -0.063930877 -0.019012669 -0.001786379 0.997771621
0.400000 0.002147960 -0.023516366 0.015604619 -0.062050849 -0.016853092 0.000170391 0.997930706
0.466667 0.003797045 -0.022984331 0.014977176 -0.049658824 -0.017286794 0.004019073 0.998608530
0.533333 0.004033018 -0.024020590 0.015260234 -0.038300510 -0.012998193 0.013561476 0.999089658
0.600000 0.003848516 -0.021891803 0.014534749 -0.015277910 -0.012889311 0.022406569 0.999549150
0.666667 0.000918269 -0.018181352 0.013626243 0.009351123 -0.004134180 0.026593357 0.999594033
0.733333 -0.000132670 -0.016602153 0.014836609 0.028089622 -0.000692884 0.035066817 0.998989940
0.800000 -0.001984816 -0.016237698 0.014907517 0.044476420 0.003954323 0.045229040 0.997978270
0.866667 -0.002217364 -0.017135642 0.015064865 0.055232905 0.003728706 0.054263681 0.996990919
0.933333 0.001430399 -0.018279100 0.016948154 0.065991819 -0.005591245 0.062947981 0.995816946
1.000000 0.006214482 -0.016605759 0.019402660 0.079544812 -0.013626544 0.067526408 0.994448185
1.066667 0.009068646 -0.016462959 0.022131145 0.085479572 -0.017004116 0.070810527 0.993674994
1.133333 0.007271992 -0.016417662 0.023665547 0.091761112 -0.014381778 0.074384071 0.992894828
1.200000 0.006362139 -0.015122395 0.025562422 0.094772153 -0.015642371 0.076089948 0.992463529
1.266667 0.006854882 -0.014950096 0.025718395 0.094159693 -0.015296496 0.075443499 0.992576599
1.333333 0.007662272 -0.014659137 0.024695227 0.092710294 -0.017513726 0.075435720 0.992676973
1.400000 0.008537064 -0.014051450 0.023720717 0.097870924 -0.018350968 0.075996906 0.992123485
1.466667 0.008535676 -0.013623290 0.024079476 0.103453100 -0.017275801 0.079845577 0.991273761
1.533333 0.008296603 -0.014487671 0.025820445 0.104121916 -0.014665712 0.081267394 0.991130292
1.600000 0.009914110 -0.017619971 0.027421260 0.094324395 -0.020419905 0.081893109 0.991957366
1.666667 0.011426629 -0.020144841 0.030758604 0.085520789 -0.027974136 0.078830540 0.992818952
1.733333 0.012971208 -0.024821730 0.034629524 0.067076921 -0.033758879 0.076385938 0.994246602
1.800000 0.014315260 -0.031546734 0.038425781 0.039537173 -0.037270576 0.075376749 0.995673716
1.866667 0.014647147 -0.035505049 0.040249165 0.026228905 -0.034709834 0.077142440 0.996070445
1.933333 0.013795088 -0.037739839 0.041990813 0.020259695 -0.029224921 0.076150142 0.996462047
2.000000 0.013585302 -0.040808622 0.044548858 0.010759411 -0.025337281 0.073015034 0.996950865
2.066667 0.012650889 -0.041362196 0.045231692 0.011198656 -0.021501841 0.077067889 0.996731043
2.133333 0.011300613 -0.041264031 0.046614438 0.015488739 -0.014749188 0.077685155 0.996748507
2.200000 0.011032680 -0.045055974 0.048036002 0.003004703 -0.012669722 0.074911378 0.997105181
2.266667 0.011467076 -0.045028567 0.049101554 0.005101420 -0.014187220 0.072764330 0.997235239
2.333333 0.011312331 -0.045184981 0.049489014 0.006294520 -0.013355313 0.073380917 0.997194707
2.400000 0.011122305 -0.046665933 0.051370338 0.005154550 -0.010153733 0.071823522 0.997352362
2.466667 0.011175466 -0.048144352 0.051820569 0.005040760 -0.009189295 0.071843669 0.997360826
2.533333 0.011363386 -0.047840521 0.053400297 0.013523453 -0.008099071 0.071824096 0.997292757
2.600000 0.011269191 -0.049889475 0.055304784 0.016544003 -0.003159823 0.067800395 0.997556746
2.666667 0.010947726 -0.051078293 0.057343327 0.021284295 -0.000332190 0.068403423 0.997430623
2.733333 0.010993313 -0.052780494 0.059315406 0.023052270 0.000369797 0.069538549 0.997312844
2.800000 0.011903648 -0.053518478 0.060594305 0.028436271 -0.000931891 0.063907109 0.997550189
2.866667 0.011590219 -0.055108704 0.061457582 0.030561017 0.000986510 0.065729380 0.997368932
2.933333 0.012329524 -0.057726275 0.063289121 0.029574485 -0.000093070 0.064068444 0.997507215
3.000000 0.013054322 -0.062158499 0.064752050 0.026204787 -0.001314566 0.063980527 0.997606218
3.066667 0.014597098 -0.064865954 0.066466451 0.024977176 -0.005885553 0.063704073 0.997638881
3.133333 0.014166092 -0.066229291 0.068283863 0.029046874 -0.003362667 0.065028697 0.997454882
3.200000 0.014204338 -0.069315232 0.069953933 0.025409356 -0.003477382 0.071465313 0.997113347
3.266667 0.014468970 -0.071621962 0.071663879 0.021739122 -0.003601704 0.070515722 0.997267246
3.333333 0.014305235 -0.072863251 0.072731577 0.020169741 -0.002251113 0.069491051 0.997376084
3.400000 0.014995134 -0.076378793 0.072887488 0.012184863 -0.004161274 0.068457521 0.997570932
3.466667 0.015658855 -0.080419160 0.073322758 0.003143428 -0.005838015 0.067649707 0.997687101
3.533333 0.016718060 -0.086490154 0.075125314 -0.012067706 -0.008631617 0.067908525 0.997581244
3.600000 0.016975459 -0.091328181 0.076720759 -0.023163259 -0.008431961 0.065525308 0.997546375
3.666667 0.017392240 -0.093801849 0.077076495 -0.029802347 -0.009116682 0.066079766 0.997327566
3.733333 0.017297383 -0.096608765 0.078278691 -0.036154460 -0.007831391 0.067978173 0.997000754
3.800000 0.015984409 -0.096633226 0.079386607 -0.031958375 -0.002230481 0.072894081 0.996825039
3.866667 0.015470302 -0.096697614 0.079604976 -0.027537731 0.000231538 0.074670374 0.996827960
3.933333 0.014745756 -0.098292999 0.081202947 -0.027733963 0.004023132 0.073776670 0.996880949
4.000000 0.014334218 -0.100082807 0.082443446 -0.030027593 0.006288896 0.074307546 0.996763349
4.066667 0.014307614 -0.102483511 0.083232060 -0.036261253 0.007152084 0.070786834 0.996806502
4.133333 0.015323070 -0.106510796 0.084077969 -0.048307892 0.004658754 0.069848247 0.996376395
4.200000 0.015759170 -0.113564149 0.085530877 -0.070153549 0.004448909 0.071236670 0.994979441
4.266667 0.016632250 -0.118382946 0.087115489 -0.085359558 0.002386236 0.071420081 0.993784308
4.333333 0.017192973 -0.121681497 0.089138888 -0.095180191 0.000493990 0.068534158 0.993097961
4.400000 0.016174624 -0.124440655 0.091603093 -0.102860250 0.005243732 0.066800378 0.992436409
4.466667 0.015637688 -0.126250386 0.093611158 -0.108144440 0.008058979 0.064782850 0.991989434
4.533333 0.014963789 -0.127002850 0.095003091 -0.109876595 0.011801904 0.064125203 0.991804302
4.600000 0.013966696 -0.127608255 0.097065374 -0.109455936 0.017390968 0.064644560 0.991734862
4.666667 0.014240727 -0.129952699 0.098024257 -0.116742969 0.017414233 0.065476015 0.990848482
4.733333 0.014725015 -0.131706193 0.099369481 -0.121257305 0.016910728 0.066791758 0.990227044
4.800000 0.015660750 -0.135711282 0.101236328 -0.133092493 0.014985504 0.068158224 0.988643646
4.866667 0.015767589 -0.136358783 0.102787964 -0.133163169 0.015692595 0.069665685 0.988518059
4.933333 0.015006114 -0.136147395 0.103474356 -0.131710500 0.018379020 0.067283355 0.988831401
5.000000 0.014543897 -0.135797352 0.103802495 -0.129767790 0.020396553 0.065925077 0.989140093
5.066667 0.014285170 -0.135456905 0.103719845 -0.128368556 0.021189474 0.064978734 0.989368618
5.133333 0.014330780 -0.135569751 0.103851274 -0.128600106 0.021007365 0.065089941 0.989335179
5.200000 0.014429557 -0.135559872 0.103850037 -0.128574908 0.020805934 0.064896397 0.989355385
5.266667 0.014274274 -0.135643721 0.103924744 -0.128705174 0.021191237 0.064435281 0.989360452
5.333333 0.014366486 -0.135438472 0.103934623 -0.127601877 0.021283554 0.064884901 0.989471912
5.400000 0.014239802 -0.135461777 0.103997678 -0.126927316 0.022007752 0.065356530 0.989511847
5.466667 0.014418422 -0.135303050 0.104087219 -0.126518309 0.021253241 0.065623567 0.989563048
5.533333 0.014445570 -0.135380372 0.104014829 -0.126734853 0.020934267 0.065082289 0.989577889
5.600000 0.014406940 -0.135592014 0.104017004 -0.127512664 0.020941261 0.064701907 0.989502728
5.666667 0.014346519 -0.135665223 0.104019172 -0.127858937 0.021127276 0.064304382 0.989480019
5.733333 0.014276939 -0.135736257 0.104110360 -0.128150195 0.021468800 0.064563692 0.989418149
5.800000 0.013944359 -0.135580584 0.104699209 -0.128128767 0.023521790 0.066238411 0.989263535
5.866667 0.013672408 -0.135663316 0.105179578 -0.129276410 0.025069159 0.066297024 0.989072263
5.933333 0.013510627 -0.135703102 0.105565719 -0.130103692 0.025749603 0.066452324 0.988935888
6.000000 0.013512274 -0.135773391 0.105741672 -0.131339133 0.025759270 0.065825723 0.988814235
6.066667 0.013098226 -0.135295302 0.105819993 -0.130065903 0.026999144 0.065123640 0.988995850
6.133333 0.013143422 -0.135183066 0.105820052 -0.130322054 0.026925072 0.064939767 0.988976240
6.200000 0.012376602 -0.135154665 0.105982825 -0.136153251 0.029348869 0.064522147 0.988148749
6.266667 0.012223640 -0.135258675 0.105968378 -0.137726128 0.029998215 0.064028658 0.987943292
6.333333 0.012211750 -0.134405300 0.106357373 -0.141668931 0.030236550 0.061041255 0.987567544
6.400000 0.014443948 -0.130786955 0.107916079 -0.150633439 0.031853769 0.058396284 0.986349225
6.466667 0.016549554 -0.132167444 0.103652395 -0.160146445 0.033948284 0.050701797 0.985205531
6.533333 0.014111837 -0.136493981 0.103557132 -0.176176980 0.044013221 0.057800125 0.981673896
6.600000 0.011001669 -0.143309757 0.103252843 -0.194398150 0.047875717 0.072428733 0.977072835
6.666667 0.009546367 -0.147363156 0.108962744 -0.212236792 0.050956801 0.080668479 0.972549021
6.733333 0.009581549 -0.150040105 0.113364473 -0.227507696 0.049338710 0.086019166 0.968713939
6.800000 0.011906034 -0.150497496 0.116308153 -0.232139498 0.047694001 0.084519759 0.967828989
6.866667 0.012602359 -0.150650993 0.120204106 -0.237951145 0.050598200 0.084686153 0.966254294
6.933333 0.013058838 -0.151546985 0.122086748 -0.243057832 0.054388151 0.083047941 0.964918613
7.000000 0.012453596 -0.153419882 0.126590624 -0.255234718 0.060331281 0.080398865 0.961639941
7.066667 0.011972712 -0.155250773 0.129819959 -0.273428380 0.057856001 0.081236459 0.956708014
7.133333 0.014097877 -0.156456649 0.131793246 -0.282089949 0.056949709 0.078594029 0.954465806
7.200000 0.016729288 -0.164477900 0.127756938 -0.303427815 0.008592813 0.090988658 0.948461294
7.266667 0.021188525 -0.170346320 0.125438482 -0.312621206 -0.035386201 0.097107016 0.944238305
7.333333 0.026245911 -0.179868847 0.125002235 -0.329925984 -0.070380554 0.107967705 0.935167551
7.400000 0.035373390 -0.196424261 0.133059725 -0.378803164 -0.109955065 0.114132673 0.911806941
7.400000 0.035373390 -0.196424261 0.133059725 -0.378803164 -0.109955065 0.114132673 0.911806941
7.400000 0.035373390 -0.196424261 0.133059725 -0.378803164 -0.109955065 0.114132673 0.911806941
7.400000 0.035373390 -0.196424261 0.133059725 -0.378803164 -0.109955065 0.114132673 0.911806941
7.400000 0.035373390 -0.196424261 0.133059725 -0.378803164 -0.109955065 0.114132673 0.911806941
7.400000 0.035373390 -0.196424261 0.133059725 -0.378803164 -0.109955065 0.114132673 0.911806941
7.400000 0.035373390 -0.196424261 0.133059725 -0.378803164 -0.109955065 0.114132673 0.911806941
7.400000 0.035373390 -0.196424261 0.133059725 -0.378803164 -0.109955065 0.114132673 0.911806941
7.400000 0.035373390 -0.196424261 0.133059725 -0.378803164 -0.109955065 0.114132673 0.911806941
7.400000 0.035373390 -0.196424261 0.133059725 -0.378803164 -0.109955065 0.114132673 0.911806941
7.400000 0.035373390 -0.196424261 0.133059725 -0.378803164 -0.109955065 0.114132673 0.911806941
7.400000 0.035373390 -0.196424261 0.133059725 -0.378803164 -0.109955065 0.114132673 0.911806941
7.400000 0.035373390 -0.196424261 0.133059725 -0.378803164 -0.109955065 0.114132673 0.911806941
7.400000 0.035373390 -0.196424261 0.133059725 -0.378803164 -0.109955065 0.114132673 0.911806941
7.400000 0.035373390 -0.196424261 0.133059725 -0.378803164 -0.109955065 0.114132673 0.911806941
7.400000 0.035373390 -0.196424261 0.133059725 -0.378803164 -0.109955065 0.114132673 0.911806941
7.400000 0.035373390 -0.196424261 0.133059725 -0.378803164 -0.109955065 0.114132673 0.911806941
7.400000 0.035373390 -0.196424261 0.133059725 -0.378803164 -0.109955065 0.114132673 0.911806941
7.400000 0.035373390 -0.196424261 0.133059725 -0.378803164 -0.109955065 0.114132673 0.911806941
7.400000 0.035373390 -0.196424261 0.133059725 -0.378803164 -0.109955065 0.114132673 0.911806941
7.400000 0.035373390 -0.196424261 0.133059725 -0.378803164 -0.109955065 0.114132673 0.911806941
7.400000 0.035373390 -0.196424261 0.133059725 -0.378803164 -0.109955065 0.114132673 0.911806941
7.400000 0.035373390 -0.196424261 0.133059725 -0.378803164 -0.109955065 0.114132673 0.911806941
7.400000 0.035373390 -0.196424261 0.133059725 -0.378803164 -0.109955065 0.114132673 0.911806941
7.400000 0.035373390 -0.196424261 0.133059725 -0.378803164 -0.109955065 0.114132673 0.911806941
7.400000 0.035373390 -0.196424261 0.133059725 -0.378803164 -0.109955065 0.114132673 0.911806941
7.400000 0.035373390 -0.196424261 0.133059725 -0.378803164 -0.109955065 0.114132673 0.911806941
7.400000 0.035373390 -0.196424261 0.133059725 -0.378803164 -0.109955065 0.114132673 0.911806941
7.400000 0.035373390 -0.196424261 0.133059725 -0.378803164 -0.109955065 0.114132673 0.911806941
7.400000 0.035373390 -0.196424261 0.133059725 -0.378803164 -0.109955065 0.114132673 0.911806941
7.400000 0.035373390 -0.196424261 0.133059725 -0.378803164 -0.109955065 0.114132673 0.911806941
7.400000 0.035373390 -0.196424261 0.133059725 -0.378803164 -0.109955065 0.114132673 0.911806941
7.400000 0.035373390 -0.196424261 0.133059725 -0.378803164 -0.109955065 0.114132673 0.911806941
7.400000 0.035373390 -0.196424261 0.133059725 -0.378803164 -0.109955065 0.114132673 0.911806941
7.400000 0.035373390 -0.196424261 0.133059725 -0.378803164 -0.109955065 0.114132673 0.911806941
7.400000 0.035373390 -0.196424261 0.133059725 -0.378803164 -0.109955065 0.114132673 0.911806941
7.400000 0.035373390 -0.196424261 0.133059725 -0.378803164 -0.109955065 0.114132673 0.911806941
7.400000 0.035373390 -0.196424261 0.133059725 -0.378803164 -0.109955065 0.114132673 0.911806941
7.400000 0.035373390 -0.196424261 0.133059725 -0.378803164 -0.109955065 0.114132673 0.911806941
7.400000 0.035373390 -0.196424261 0.133059725 -0.378803164 -0.109955065 0.114132673 0.911806941
7.400000 0.035373390 -0.196424261 0.133059725 -0.378803164 -0.109955065 0.114132673 0.911806941
7.400000 0.035373390 -0.196424261 0.133059725 -0.378803164 -0.109955065 0.114132673 0.911806941
7.400000 0.035373390 -0.196424261 0.133059725 -0.378803164 -0.109955065 0.114132673 0.911806941
7.400000 0.035373390 -0.196424261 0.133059725 -0.378803164 -0.109955065 0.114132673 0.911806941
7.400000 0.035373390 -0.196424261 0.133059725 -0.378803164 -0.109955065 0.114132673 0.911806941
7.400000 0.035373390 -0.196424261 0.133059725 -0.378803164 -0.109955065 0.114132673 0.911806941
10.533333 0.000000000 0.000000000 0.000000000 -0.000000000 -0.000000000 -0.000000000 1.000000000
10.600000 -0.000328000 0.000306738 0.000180753 -0.000521051 0.002205254 0.001110726 0.999996841
10.666667 -0.000221923 0.000467540 0.000604022 -0.000574026 0.003901475 0.003701770 0.999985397
10.733333 -0.000159897 0.000775732 0.000563777 0.000308384 0.003951472 0.003619137 0.999985635
10.800000 -0.000294875 0.000446284 0.000800213 -0.000824665 0.005730452 0.005923592 0.999965727
10.866667 -0.000541165 0.000668002 0.000940522 -0.000586602 0.006719617 0.005280423 0.999963343
10.933333 -0.000527578 0.003496407 0.003279732 0.010591096 0.006365504 0.003986489 0.999915719
11.000000 -0.000997773 0.007014188 0.006156585 0.025139533 0.004649856 -0.001281666 0.999672294
11.066667 -0.000429473 0.011845867 0.009744144 0.044183780 0.000413467 -0.002333230 0.999020636
11.133333 0.000027775 0.015674995 0.013562199 0.059299197 -0.002362205 -0.002524071 0.998234272
11.200000 0.000206114 0.018135551 0.014992320 0.066782422 -0.003389689 -0.002969784 0.997757375
11.266667 0.000081326 0.018568680 0.015985098 0.067879803 -0.003152625 -0.005542269 0.997673154
11.333333 -0.000604887 0.020390423 0.017912762 0.074038617 -0.000471515 -0.007784778 0.997224867
11.400000 -0.000663351 0.022228476 0.019032829 0.078463092 -0.002177175 -0.011494333 0.996848404
11.466667 -0.001951919 0.023322755 0.020344827 0.079141892 0.003124909 -0.016114892 0.996728182
11.533333 -0.003112618 0.024892688 0.021263618 0.082758561 0.007169975 -0.021671964 0.996308148
11.600000 -0.003335823 0.026875459 0.022155954 0.088518761 0.007866414 -0.025564661 0.995715320
11.666667 -0.003427844 0.029052816 0.023957396 0.097870335 0.008145408 -0.025755156 0.994832516
11.733333 -0.003312943 0.031473219 0.026526457 0.108741783 0.007867105 -0.026170151 0.993694365
11.800000 -0.002903849 0.032819059 0.027541284 0.114611760 0.005349206 -0.025613517 0.993065715
11.866667 -0.003082723 0.035309304 0.029686293 0.125031933 0.006001723 -0.025150046 0.991815746
11.933333 -0.003005780 0.037860204 0.031747013 0.136740282 0.005879502 -0.026091564 0.990245819
12.000000 -0.003740868 0.039953113 0.033760145 0.143576458 0.009394263 -0.031306382 0.989099324
12.066667 -0.003778638 0.041574288 0.034797069 0.148362800 0.009692254 -0.033676699 0.988311946
12.133333 -0.003665075 0.042703439 0.035627339 0.150982872 0.010151321 -0.036023796 0.987827659
12.200000 -0.004742044 0.042294238 0.036171388 0.145192787 0.014621871 -0.040470324 0.988467216
12.266667 -0.006184092 0.043292757 0.037315756 0.145029604 0.021559658 -0.043437172 0.988238275
12.333333 -0.007211359 0.043322422 0.038032480 0.143213794 0.026518537 -0.046739940 0.988231719
12.400000 -0.007280117 0.045046587 0.039768599 0.148606390 0.028386224 -0.049513526 0.987248123
12.466667 -0.007409886 0.046358358 0.040801432 0.152916506 0.029327897 -0.051420204 0.986464560
12.533333 -0.007513206 0.048572820 0.042972092 0.160623431 0.031363614 -0.053583268 0.985061109
12.600000 -0.007166910 0.053208534 0.046400636 0.180231750 0.031712648 -0.057493493 0.981430233
12.666667 -0.007085067 0.054682117 0.048791729 0.186992988 0.032890230 -0.058777612 0.980049491
12.733333 -0.007831659 0.057541452 0.051847819 0.200272590 0.037809879 -0.063089453 0.976975501
12.800000 -0.007697128 0.061484933 0.057366338 0.222501487 0.040279862 -0.068054289 0.971719742
12.866667 -0.007461582 0.063993774 0.062068515 0.238966435 0.041090604 -0.070665970 0.967580974
12.933333 -0.007851410 0.065502398 0.065338045 0.248419762 0.045023244 -0.074584194 0.964726806
13.000000 -0.010030385 0.065854996 0.067683622 0.250614882 0.056036443 -0.076600514 0.963423312
13.066667 -0.011287844 0.065703392 0.068662174 0.248403832 0.062432628 -0.079678819 0.963352978
13.133333 -0.012189641 0.065736696 0.071354583 0.250716239 0.068710916 -0.081718124 0.962155044
13.200000 -0.013138719 0.066799268 0.072070092 0.252832800 0.074443094 -0.086893447 0.960720181
13.266667 -0.013910380 0.067349315 0.072716214 0.251538575 0.078918368 -0.091954716 0.960231543
13.333333 -0.014645934 0.067379504 0.074130014 0.245597407 0.085120469 -0.098427862 0.960597932
13.400000 -0.015265594 0.067777373 0.077851288 0.246313199 0.092647925 -0.104848057 0.959037542
13.466667 -0.016587984 0.070217930 0.082498707 0.255165756 0.103817061 -0.110802121 0.954900742
13.533333 -0.017581420 0.070980579 0.087008551 0.261554390 0.113792636 -0.112046696 0.951885581
13.600000 -0.018485909 0.072812229 0.090226896 0.269337624 0.122458145 -0.115054585 0.948274076
13.666667 -0.019255258 0.072693087 0.090984762 0.268311441 0.126792267 -0.116081782 0.947870135
13.733333 -0.019896787 0.072635368 0.091431387 0.267347246 0.130334571 -0.117351919 0.947505653
13.800000 -0.020574510 0.072418667 0.091451727 0.265323371 0.133305714 -0.117364168 0.947659671
13.866667 -0.021644786 0.071592227 0.093933374 0.263277143 0.140912190 -0.120029680 0.946795523
13.933333 -0.022658100 0.071821980 0.095811270 0.263401061 0.149186432 -0.127819851 0.944470942
14.000000 -0.020707775 0.074212983 0.100370549 0.280175954 0.149251819 -0.142129809 0.937563062
14.066667 -0.019644983 0.076688148 0.104003429 0.293615967 0.153275207 -0.150964037 0.931400180
14.133333 -0.020050861 0.077743024 0.107512549 0.298128098 0.161541685 -0.154484436 0.927986324
14.200000 -0.020555882 0.078871384 0.111504868 0.301369399 0.171523020 -0.159869045 0.924228430
14.266667 -0.021332337 0.078418717 0.114111200 0.298532069 0.179210708 -0.161700740 0.923371553
14.333333 -0.022410635 0.079708740 0.116765186 0.298043072 0.189683363 -0.167433441 0.920411170
14.400000 -0.022164054 0.081992447 0.118264154 0.298362941 0.193714365 -0.169140399 0.919154942
14.466667 -0.021677094 0.082829893 0.119747467 0.299885482 0.193144500 -0.165854886 0.919378102
14.533333 -0.021026816 0.083287366 0.121211864 0.300754100 0.192696586 -0.164258301 0.919475019
14.600000 -0.020315245 0.084166110 0.124032259 0.304537177 0.195240945 -0.167766646 0.917056441
14.666667 -0.019158902 0.086445354 0.125333577 0.307632029 0.193662688 -0.174145475 0.915167034
14.733333 -0.017664939 0.089445338 0.126814857 0.312035561 0.192241311 -0.185257047 0.911787808
14.800000 -0.017716637 0.089631200 0.127842769 0.311603129 0.193867832 -0.183106065 0.912025750
14.866667 -0.017809777 0.090632632 0.129585966 0.313455164 0.197837844 -0.184372872 0.910281658
14.933333 -0.017264176 0.091719508 0.131475866 0.315211415 0.199525267 -0.186275780 0.908918440
15.000000 -0.016060375 0.091941476 0.134829774 0.320210993 0.201605737 -0.192090690 0.905494988
15.066667 -0.015255332 0.092110112 0.137645841 0.325386554 0.204796597 -0.196360186 0.902011454
15.133333 -0.012788054 0.093399324 0.142997161 0.341143072 0.207628831 -0.210787892 0.892233253
15.200000 -0.010936793 0.094085194 0.145527259 0.352306128 0.205021054 -0.226693854 0.884565830
15.266667 -0.007502709 0.097273022 0.149577394 0.376502752 0.200628877 -0.234421626 0.873521745
15.333333 -0.005760647 0.099082924 0.152918041 0.388244003 0.202167809 -0.237766668 0.867099643
15.400000 -0.005723268 0.099228390 0.155380756 0.390784740 0.208137229 -0.240420625 0.863807917
15.466667 -0.006577868 0.098597087 0.155894890 0.385448545 0.211959884 -0.236801878 0.866272092
15.533333 -0.007040154 0.098291770 0.156626746 0.380617797 0.215388551 -0.233689860 0.868404806
15.600000 -0.007218067 0.097699009 0.157192707 0.378877610 0.216539949 -0.232196584 0.869279623
15.666667 -0.007326171 0.097761728 0.157203481 0.378645480 0.217428699 -0.232611299 0.869047940
15.733333 -0.007380664 0.098023072 0.158925176 0.379985482 0.222162664 -0.233015329 0.867155492
15.800000 -0.007063244 0.098581962 0.159524396 0.378111303 0.224922702 -0.235111088 0.866697431
15.866667 -0.008467775 0.096831203 0.159458727 0.369929224 0.230438709 -0.231504083 0.869744897
15.933333 -0.008626878 0.095652848 0.160272986 0.363211185 0.234950840 -0.230794534 0.871555865
16.000000 -0.009039018 0.095274158 0.161645055 0.362420082 0.240063459 -0.228756100 0.871029198
16.066667 -0.009079102 0.095111765 0.162713304 0.360522479 0.243457943 -0.227977231 0.871078730
16.133333 -0.009428959 0.094341628 0.163954124 0.357098162 0.248699263 -0.226661429 0.871351898
16.200000 -0.008868590 0.094111025 0.165026754 0.356388599 0.251590997 -0.227454349 0.870605350
16.266667 -0.009271760 0.093700722 0.165386572 0.353346705 0.254703373 -0.225973219 0.871325672
16.333333 -0.008343220 0.093661912 0.166081712 0.351746678 0.254609734 -0.227416411 0.871624887
16.400000 -0.008008305 0.094344109 0.166339919 0.351694942 0.254533410 -0.227068216 0.871758878
16.466667 -0.006890833 0.093912914 0.167348400 0.351317674 0.253825486 -0.227753595 0.871938527
16.533333 -0.006780915 0.093742006 0.167578548 0.350231886 0.254734546 -0.227160856 0.872264802
16.600000 -0.004768029 0.093313694 0.169066444 0.349023461 0.252342194 -0.226317808 0.873662591
16.666667 -0.003007542 0.092874683 0.170343339 0.346970618 0.249801114 -0.223791718 0.875858486
16.733333 -0.000725284 0.092733942 0.171593040 0.347923368 0.245300829 -0.224606350 0.876543701
16.800000 -0.001299944 0.092727311 0.172099173 0.349475116 0.243170902 -0.218622103 0.878031552
16.866667 -0.001718156 0.093833037 0.172416195 0.352153808 0.240456760 -0.216236666 0.878299475
16.933333 -0.000639468 0.094449274 0.174124300 0.355785608 0.236961469 -0.215554118 0.877953470
17.000000 -0.000308171 0.092923999 0.174571246 0.351429880 0.235696360 -0.214432389 0.880319834
17.066667 0.000045743 0.092920579 0.174790695 0.351942986 0.236531064 -0.215923920 0.879526019
17.133333 -0.000104558 0.093229137 0.174677208 0.351962149 0.236995399 -0.216409966 0.879273891
17.200000 0.000049666 0.092868097 0.174835473 0.350952744 0.239119217 -0.218298212 0.878635347
17.266667 0.000019375 0.092781946 0.174929798 0.351105183 0.239454880 -0.217788398 0.878609538
17.333333 -0.000221610 0.092840374 0.174839601 0.350469172 0.240221068 -0.217919856 0.878621697
17.400000 -0.000909518 0.093003429 0.175540179 0.351589203 0.246569514 -0.218289271 0.876320899
17.466667 -0.000256896 0.091538124 0.175435260 0.347599268 0.250279129 -0.219727904 0.876501501
17.533333 0.001513258 0.087558769 0.175208822 0.332552016 0.254968137 -0.222969681 0.880161881
17.600000 0.004020460 0.085623294 0.177466556 0.326793939 0.255306274 -0.223290682 0.882137001
17.666667 0.005024780 0.083112657 0.179188296 0.320228994 0.259365052 -0.223709598 0.883253753
17.733333 0.005469639 0.081001528 0.180449978 0.314800262 0.259430170 -0.219780028 0.886167884
17.800000 0.007036116 0.079245515 0.182407513 0.311644584 0.258742660 -0.220591441 0.887281954
17.866667 0.007174306 0.078346588 0.183830425 0.310272783 0.258179277 -0.217333660 0.888729632
17.933333 0.009619087 0.077080339 0.185101837 0.306243211 0.254218996 -0.220738396 0.890428185
18.000000 0.009842852 0.075423144 0.186545163 0.303672880 0.255084068 -0.218508467 0.891610324
18.066667 0.011855070 0.073907904 0.187470555 0.303738624 0.252216488 -0.223050565 0.891278923
18.133333 0.012923231 0.074026957 0.188186720 0.308991492 0.248766720 -0.224292770 0.890130401
18.200000 0.012583703 0.073260911 0.189077318 0.311140299 0.250838041 -0.222506925 0.889248371
18.266667 0.012463728 0.072543204 0.189962462 0.311521709 0.253660887 -0.222317100 0.888361156
18.333333 0.012476545 0.072368518 0.190997452 0.313446999 0.256364703 -0.222287238 0.886914015
18.400000 0.012846570 0.071833573 0.192305595 0.315131992 0.259380221 -0.223800868 0.885057569
18.466667 0.013747646 0.071452081 0.193276227 0.316348553 0.258277982 -0.224698424 0.884718418
18.533333 0.014609987 0.070513971 0.194359854 0.316731632 0.256012976 -0.225320444 0.885081410
18.600000 0.015488883 0.069222644 0.194214553 0.311805665 0.252906263 -0.228199631 0.886983991
18.666667 0.016898595 0.068894878 0.194083348 0.310914427 0.251345426 -0.234044358 0.886217177
18.733333 0.016606346 0.068574324 0.194693401 0.311385870 0.254471362 -0.235108823 0.884876847
18.800000 0.016252924 0.067966476 0.195870057 0.315502226 0.257504940 -0.234926149 0.882586658
18.866667 0.016923279 0.068004303 0.197252870 0.321053743 0.257891744 -0.236382380 0.880079389
18.933333 0.017309137 0.068106659 0.197750196 0.322933495 0.258326232 -0.238178909 0.878778875
19.000000 0.017183088 0.067793563 0.197911322 0.325595051 0.258862019 -0.239860147 0.877180398
19.066667 0.017246436 0.067988835 0.197991312 0.329370558 0.257405132 -0.238859907 0.876472235
19.133333 0.017539246 0.067710325 0.198172733 0.333291590 0.254947692 -0.239263222 0.875597775
19.200000 0.017893253 0.067940697 0.198552758 0.339453727 0.255972087 -0.242691070 0.871980846
19.266667 0.017687652 0.067688145 0.198559403 0.342351317 0.254671812 -0.241349831 0.871600866
19.333333 0.017416861 0.067645893 0.198705226 0.345095783 0.254608601 -0.241263837 0.870560288
19.400000 0.017727351 0.067669973 0.199156761 0.349555403 0.253849506 -0.243003353 0.868516445
19.466667 0.017684957 0.067578383 0.199057281 0.352983743 0.253069580 -0.244239092 0.867009521
19.533333 0.016842330 0.066212602 0.199073985 0.350870013 0.257002205 -0.245707497 0.866295576
19.600000 0.017079050 0.064645134 0.198997572 0.348824561 0.261591971 -0.250287086 0.864434779
19.666667 0.016486298 0.063509807 0.199107483 0.346145183 0.269709319 -0.253491402 0.862080395
19.733333 0.017961510 0.062097020 0.199332505 0.345564693 0.269595534 -0.251693130 0.862875342
19.800000 0.018058870 0.060560144 0.200872749 0.345758408 0.271452069 -0.249315411 0.862905979
19.866667 0.018409463 0.060601942 0.201255620 0.348015875 0.269797623 -0.248582080 0.862728894
19.933333 0.018501414 0.060637459 0.201670855 0.349704176 0.269221723 -0.247811124 0.862447858
20.000000 0.019322675 0.060534492 0.202967927 0.353367567 0.270139456 -0.249794573 0.860092342
20.066667 0.019499922 0.059768118 0.203271151 0.352259248 0.270421207 -0.249888286 0.860431075
20.133333 0.020461807 0.057479613 0.204107881 0.346372515 0.266924232 -0.247943044 0.864466190
20.200000 0.021972526 0.056055516 0.206712037 0.341430247 0.267599136 -0.250473946 0.865493417
20.266667 0.021889644 0.053378046 0.207122266 0.327934712 0.269799471 -0.249496371 0.870298028
20.333333 0.021841446 0.050439179 0.206499055 0.311380774 0.268817246 -0.247551069 0.877210200
20.400000 0.020721311 0.048086688 0.206068933 0.299580574 0.270924240 -0.242496327 0.882069826
20.466667 0.020022959 0.047780640 0.206404001 0.298572868 0.273761660 -0.240766183 0.882009327
20.533333 0.019988142 0.047389202 0.206955791 0.298413545 0.274089873 -0.238909498 0.882466137
20.600000 0.019465275 0.045171201 0.208057821 0.292897642 0.276672155 -0.233869776 0.884855092
20.666667 0.019003877 0.043974452 0.209596336 0.290371180 0.280773669 -0.229872957 0.885442913
20.733333 0.019531807 0.043051839 0.211213261 0.288462698 0.283844680 -0.229352459 0.885222554
20.800000 0.020076163 0.042369798 0.212491512 0.286941230 0.285428435 -0.228481770 0.885432899
20.866667 0.019512683 0.041478731 0.213034824 0.284724921 0.287978649 -0.225351050 0.886124671
20.933333 0.018985730 0.041636676 0.213988423 0.285656542 0.291841984 -0.224107563 0.884875417
21.000000 0.018833142 0.040981017 0.214482188 0.285578817 0.293013871 -0.221928254 0.885062397
21.066667 0.018351201 0.043143958 0.214961872 0.298397064 0.294662982 -0.221357599 0.880416811
21.133333 0.018578107 0.044435166 0.215791672 0.311628670 0.293986231 -0.224799618 0.875171304
21.200000 0.018731210 0.044865012 0.216357619 0.321135581 0.292796344 -0.226527572 0.871680915
21.266667 0.018296639 0.044794135 0.216876596 0.325861871 0.293816298 -0.225523070 0.869842172
21.333333 0.018264838 0.045725629 0.217559502 0.332543492 0.294645846 -0.225498527 0.867034614
21.400000 0.018062394 0.047274910 0.218362257 0.347122908 0.295019239 -0.228257984 0.860446155
21.466667 0.017405331 0.046352200 0.219317019 0.351620764 0.297730505 -0.227634951 0.857847154
21.533333 0.017266490 0.045141794 0.219893187 0.353393376 0.299661934 -0.229306355 0.855999112
21.600000 0.017381281 0.044273354 0.220057458 0.356120378 0.299269259 -0.231396079 0.854442596
21.666667 0.016678948 0.043517627 0.221103489 0.356893003 0.303730249 -0.229395002 0.853084564
21.733333 0.015955389 0.043864511 0.222388774 0.360154003 0.308526278 -0.227931067 0.850381196
21.800000 0.015894607 0.042173274 0.221940577 0.354031950 0.308671057 -0.228427857 0.852762699
21.866667 0.015788123 0.040266752 0.220555425 0.342883706 0.307099551 -0.228842661 0.857759655
21.933333 0.014663119 0.037935480 0.219333142 0.329690427 0.308139294 -0.224876538 0.863588393
22.000000 0.014937881 0.036489308 0.218191355 0.320301622 0.306043983 -0.224960268 0.867834568
22.066667 0.014632896 0.035730287 0.218550965 0.318648070 0.307578206 -0.224027723 0.868142068
22.133333 0.013614420 0.034846552 0.218738258 0.315282822 0.311111718 -0.219907239 0.869164586
22.200000 0.013229381 0.032942563 0.218687013 0.308074385 0.312408000 -0.217776611 0.871816933
22.266667 0.012149196 0.030714013 0.218283072 0.297651261 0.315973252 -0.213600650 0.875179648
22.333333 0.011352833 0.029185094 0.218498707 0.292413503 0.318432987 -0.209636331 0.877010465
22.400000 0.010176845 0.027970180 0.218664736 0.288711816 0.320071042 -0.202046812 0.879418612
22.466667 0.010383502 0.028521530 0.219700128 0.293330342 0.321050763 -0.201852009 0.877575934
22.533333 0.009939354 0.028263301 0.219966680 0.297282577 0.321630687 -0.201419890 0.876131713
22.600000 0.009868070 0.028062001 0.220014185 0.297671914 0.321871877 -0.201759681 0.875832736
22.666667 0.009796903 0.028243296 0.220047176 0.298266292 0.322561860 -0.202163517 0.875283360
22.733333 0.009853050 0.028478205 0.220040202 0.300147802 0.321588546 -0.202016354 0.875032306
22.800000 0.010019936 0.028590806 0.219994232 0.298596203 0.319670826 -0.198727816 0.877016664
22.866667 0.009589799 0.027530618 0.219473004 0.287074029 0.320554405 -0.191695169 0.882091999
22.933333 0.008912377 0.028151818 0.219537377 0.286897391 0.322964221 -0.189084366 0.881833971
23.000000 0.009240538 0.028283112 0.219610587 0.286990911 0.322829068 -0.190515399 0.881544948
23.066667 0.009120084 0.028272025 0.219532132 0.286629528 0.322871417 -0.190080464 0.881740868
23.133333 0.009113129 0.028423883 0.219342709 0.286704719 0.322199196 -0.189765155 0.882030249
23.200000 0.009239219 0.028527088 0.219385087 0.287136078 0.322161615 -0.190390632 0.881768763
23.266667 0.009594850 0.028774343 0.219461039 0.289406985 0.320677280 -0.190258712 0.881595910
23.333333 0.009566352 0.028812110 0.219738662 0.294431180 0.320309848 -0.190485179 0.880015492
23.400000 0.009316947 0.029619373 0.220073819 0.300611466 0.321848452 -0.191435337 0.877153814
23.466667 0.008631706 0.029652789 0.220377833 0.299971670 0.326524198 -0.192677557 0.875370979
23.533333 0.007997714 0.029152885 0.220526874 0.297735184 0.331076801 -0.194127113 0.874103367
23.600000 0.007849813 0.029217757 0.220759198 0.298638731 0.331925750 -0.194485143 0.873393238
23.666667 0.007158481 0.029697955 0.220745146 0.301327467 0.333156615 -0.191907018 0.872570992
23.733333 0.006451085 0.028417937 0.221768260 0.299084157 0.337656975 -0.188986033 0.872250378
23.800000 0.005721211 0.025550887 0.223072484 0.287663937 0.345482260 -0.186283916 0.873607337
23.866667 0.003742781 0.019793078 0.223888397 0.265975982 0.353588641 -0.171354890 0.880266666
23.933333 -0.000212058 0.015041944 0.222261593 0.242791787 0.359825969 -0.153940454 0.887625933
24.000000 -0.006147344 0.005961806 0.219271317 0.207542866 0.367816657 -0.130275667 0.897031307
24.066667 -0.008625727 0.002216876 0.218519062 0.193405688 0.372352809 -0.119522959 0.899812162
24.133333 -0.009567585 0.000298079 0.217677265 0.186090216 0.373376310 -0.116277613 0.901354551
24.200000 -0.011325572 -0.002729367 0.216712326 0.179415628 0.375194013 -0.110901013 0.902629733
24.266667 -0.012606248 -0.004490323 0.217852831 0.180124253 0.380819321 -0.105414502 0.900788367
24.333333 -0.013325997 -0.006227022 0.217815459 0.178392380 0.382109523 -0.101645365 0.901019812
24.400000 -0.014194086 -0.010164730 0.218156308 0.169241056 0.385250568 -0.094443567 0.902230501
24.466667 -0.015911933 -0.014288938 0.217792362 0.159731984 0.388410628 -0.085063294 0.903541446
24.533333 -0.017217040 -0.017681748 0.217748046 0.151655599 0.391550630 -0.076993845 0.904301226
24.600000 -0.018835552 -0.023088891 0.218127757 0.137497574 0.396861106 -0.065447949 0.905158699
24.666667 -0.019601785 -0.025754107 0.218456507 0.130181715 0.400091946 -0.060223162 0.905180812
24.733333 -0.020626064 -0.028575704 0.218977258 0.123008393 0.404341340 -0.053556606 0.904714763
24.800000 -0.020899542 -0.031746916 0.219848037 0.117518172 0.406420410 -0.045240872 0.904966950
24.866667 -0.020961318 -0.033875905 0.220593512 0.113287933 0.409123152 -0.040608995 0.904508173
24.933333 -0.022693887 -0.037480533 0.220942363 0.102647088 0.414077461 -0.032445617 0.903853238
25.000000 -0.022630330 -0.041728098 0.221291095 0.089791849 0.414999127 -0.026045812 0.905005395
25.066667 -0.022740215 -0.046574675 0.221380845 0.075175375 0.415682733 -0.017708313 0.906224549
25.133333 -0.023034301 -0.049814239 0.221534282 0.065965742 0.416705042 -0.013665684 0.906542182
25.200000 -0.022273444 -0.054008391 0.222323716 0.058097038 0.416800439 -0.008064408 0.907103658
25.266667 -0.021471690 -0.057574570 0.222927168 0.051957507 0.416334808 -0.003668988 0.907718182
25.333333 -0.021044202 -0.058785316 0.223829210 0.052518658 0.417673916 -0.001570016 0.907076597
25.400000 -0.020904936 -0.059520800 0.224751472 0.053411029 0.419735312 -0.000008468 0.906073689
25.466667 -0.021081179 -0.060543671 0.226527587 0.054761328 0.424789727 0.002664338 0.903630316
25.533333 -0.020568937 -0.061194371 0.227831677 0.059073739 0.427335441 0.003464261 0.902154505
25.600000 -0.020321026 -0.062411189 0.228873909 0.063214354 0.429505289 0.001288395 0.900848210
25.666667 -0.018666208 -0.063448243 0.230303437 0.068748914 0.429401755 -0.000667544 0.900492787
25.733333 -0.015698440 -0.064850345 0.231555551 0.078016795 0.425620914 -0.003014799 0.901527107
25.800000 -0.013506427 -0.066215046 0.232500821 0.086057588 0.423504978 -0.006787178 0.901771367
25.866667 -0.013393998 -0.066395581 0.234429374 0.089909978 0.429210484 -0.008121685 0.898681641
25.933333 -0.013463125 -0.067014128 0.236230105 0.090608627 0.434723765 -0.008881955 0.895950079
26.000000 -0.013763309 -0.067329921 0.238259926 0.092270449 0.441610694 -0.009839136 0.892395318
26.066667 -0.013948321 -0.067629635 0.239529207 0.093904398 0.445935398 -0.010659801 0.890061736
26.133333 -0.013712510 -0.068074644 0.240697578 0.095991530 0.449181288 -0.010966130 0.888201296
26.200000 -0.012613080 -0.069035321 0.241850704 0.097301207 0.450779915 -0.012212341 0.887232125
26.266667 -0.011942163 -0.069534808 0.243130907 0.098860227 0.453755498 -0.015002445 0.885498464
26.333333 -0.011574186 -0.070292085 0.244530737 0.097824797 0.457348734 -0.015568309 0.883753419
26.400000 -0.011582084 -0.070400886 0.246609345 0.099445067 0.463541299 -0.017232032 0.880308628
26.466667 -0.010933727 -0.070976630 0.248289317 0.099651866 0.467672884 -0.019657370 0.878046215
26.533333 -0.010920964 -0.070522241 0.249378443 0.103206806 0.470769495 -0.022427168 0.875911772
26.600000 -0.011039846 -0.070335142 0.250566900 0.105476417 0.474161953 -0.024181109 0.873762310
26.666667 -0.011218406 -0.070481069 0.251103431 0.105484806 0.476110637 -0.024346991 0.872696340
26.733333 -0.011402868 -0.070646755 0.251467437 0.105910063 0.477497548 -0.024385788 0.871885598
26.800000 -0.011300817 -0.070319965 0.251562923 0.107841209 0.477657050 -0.024419727 0.871560514
26.866667 -0.011292368 -0.070191085 0.251583546 0.108156577 0.477574706 -0.025432786 0.871537566
26.933333 -0.011450678 -0.070173204 0.251530200 0.108297020 0.477591515 -0.025358818 0.871513128
27.000000 -0.011797071 -0.070217803 0.251629621 0.108468562 0.478483975 -0.025221810 0.871006012
27.066667 -0.011661567 -0.070227593 0.251554161 0.108889684 0.477969974 -0.024971161 0.871242940
27.133333 -0.011630498 -0.070109628 0.251518548 0.109070905 0.477792829 -0.025570195 0.871300042
27.200000 -0.011950254 -0.069958784 0.251560867 0.110765353 0.478010446 -0.025525061 0.870968163
